   0.0000000e+00
   1.0000000e-01
   2.0000000e-01
   3.0000000e-01
   4.0000000e-01
   5.0000000e-01
   6.0000000e-01
   7.0000000e-01
   8.0000000e-01
   9.0000000e-01
   1.0000000e+00
   1.1000000e+00
   1.2000000e+00
   1.3000000e+00
   1.4000000e+00
   1.5000000e+00
   1.6000000e+00
   1.7000000e+00
   1.8000000e+00
   1.9000000e+00
   2.0000000e+00
   2.1000000e+00
   2.2000000e+00
   2.3000000e+00
   2.4000000e+00
   2.5000000e+00
   2.6000000e+00
   2.7000000e+00
   2.8000000e+00
   2.9000000e+00
   3.0000000e+00
   3.1000000e+00
   3.2000000e+00
   3.3000000e+00
   3.4000000e+00
   3.5000000e+00
   3.6000000e+00
   3.7000000e+00
   3.8000000e+00
   3.9000000e+00
   4.0000000e+00
   4.1000000e+00
   4.2000000e+00
   4.3000000e+00
   4.4000000e+00
   4.5000000e+00
   4.6000000e+00
   4.7000000e+00
   4.8000000e+00
   4.9000000e+00
   5.0000000e+00
   5.1000000e+00
   5.2000000e+00
   5.3000000e+00
   5.4000000e+00
   5.5000000e+00
   5.6000000e+00
   5.7000000e+00
   5.8000000e+00
   5.9000000e+00
   6.0000000e+00
   6.1000000e+00
   6.2000000e+00
   6.3000000e+00
   6.4000000e+00
   6.5000000e+00
   6.6000000e+00
   6.7000000e+00
   6.8000000e+00
   6.9000000e+00
   7.0000000e+00
   7.1000000e+00
   7.2000000e+00
   7.3000000e+00
   7.4000000e+00
   7.5000000e+00
   7.6000000e+00
   7.7000000e+00
   7.8000000e+00
   7.9000000e+00
   8.0000000e+00
   8.1000000e+00
   8.2000000e+00
   8.3000000e+00
   8.4000000e+00
   8.5000000e+00
   8.6000000e+00
   8.7000000e+00
   8.8000000e+00
   8.9000000e+00
   9.0000000e+00
   9.1000000e+00
   9.2000000e+00
   9.3000000e+00
   9.4000000e+00
   9.5000000e+00
   9.6000000e+00
   9.7000000e+00
   9.8000000e+00
   9.9000000e+00
   1.0000000e+01
   1.0100000e+01
   1.0200000e+01
   1.0300000e+01
   1.0400000e+01
   1.0500000e+01
   1.0600000e+01
   1.0700000e+01
   1.0800000e+01
   1.0900000e+01
   1.1000000e+01
   1.1100000e+01
   1.1200000e+01
   1.1300000e+01
   1.1400000e+01
   1.1500000e+01
   1.1600000e+01
   1.1700000e+01
   1.1800000e+01
   1.1900000e+01
   1.2000000e+01
   1.2100000e+01
   1.2200000e+01
   1.2300000e+01
   1.2400000e+01
   1.2500000e+01
   1.2600000e+01
   1.2700000e+01
   1.2800000e+01
   1.2900000e+01
   1.3000000e+01
   1.3100000e+01
   1.3200000e+01
   1.3300000e+01
   1.3400000e+01
   1.3500000e+01
   1.3600000e+01
   1.3700000e+01
   1.3800000e+01
   1.3900000e+01
   1.4000000e+01
   1.4100000e+01
   1.4200000e+01
   1.4300000e+01
   1.4400000e+01
   1.4500000e+01
   1.4600000e+01
   1.4700000e+01
   1.4800000e+01
   1.4900000e+01
   1.5000000e+01
   1.5100000e+01
   1.5200000e+01
   1.5300000e+01
   1.5400000e+01
   1.5500000e+01
   1.5600000e+01
   1.5700000e+01
   1.5800000e+01
   1.5900000e+01
   1.6000000e+01
   1.6100000e+01
   1.6200000e+01
   1.6300000e+01
   1.6400000e+01
   1.6500000e+01
   1.6600000e+01
   1.6700000e+01
   1.6800000e+01
   1.6900000e+01
   1.7000000e+01
   1.7100000e+01
   1.7200000e+01
   1.7300000e+01
   1.7400000e+01
   1.7500000e+01
   1.7600000e+01
   1.7700000e+01
   1.7800000e+01
   1.7900000e+01
   1.8000000e+01
   1.8100000e+01
   1.8200000e+01
   1.8300000e+01
   1.8400000e+01
   1.8500000e+01
   1.8600000e+01
   1.8700000e+01
   1.8800000e+01
   1.8900000e+01
   1.9000000e+01
   1.9100000e+01
   1.9200000e+01
   1.9300000e+01
   1.9400000e+01
   1.9500000e+01
   1.9600000e+01
   1.9700000e+01
   1.9800000e+01
   1.9900000e+01
   2.0000000e+01
   2.0100000e+01
   2.0200000e+01
   2.0300000e+01
   2.0400000e+01
   2.0500000e+01
   2.0600000e+01
   2.0700000e+01
   2.0800000e+01
   2.0900000e+01
   2.1000000e+01
   2.1100000e+01
   2.1200000e+01
   2.1300000e+01
   2.1400000e+01
   2.1500000e+01
   2.1600000e+01
   2.1700000e+01
   2.1800000e+01
   2.1900000e+01
   2.2000000e+01
   2.2100000e+01
   2.2200000e+01
   2.2300000e+01
   2.2400000e+01
   2.2500000e+01
   2.2600000e+01
   2.2700000e+01
   2.2800000e+01
   2.2900000e+01
   2.3000000e+01
   2.3100000e+01
   2.3200000e+01
   2.3300000e+01
   2.3400000e+01
   2.3500000e+01
   2.3600000e+01
   2.3700000e+01
   2.3800000e+01
   2.3900000e+01
   2.4000000e+01
   2.4100000e+01
   2.4200000e+01
   2.4300000e+01
   2.4400000e+01
   2.4500000e+01
   2.4600000e+01
   2.4700000e+01
   2.4800000e+01
   2.4900000e+01
   2.5000000e+01
   2.5100000e+01
   2.5200000e+01
   2.5300000e+01
   2.5400000e+01
   2.5500000e+01
   2.5600000e+01
   2.5700000e+01
   2.5800000e+01
   2.5900000e+01
   2.6000000e+01
   2.6100000e+01
   2.6200000e+01
   2.6300000e+01
   2.6400000e+01
   2.6500000e+01
   2.6600000e+01
   2.6700000e+01
   2.6800000e+01
   2.6900000e+01
   2.7000000e+01
   2.7100000e+01
   2.7200000e+01
   2.7300000e+01
   2.7400000e+01
   2.7500000e+01
   2.7600000e+01
   2.7700000e+01
   2.7800000e+01
   2.7900000e+01
   2.8000000e+01
   2.8100000e+01
   2.8200000e+01
   2.8300000e+01
   2.8400000e+01
   2.8500000e+01
   2.8600000e+01
   2.8700000e+01
   2.8800000e+01
   2.8900000e+01
   2.9000000e+01
   2.9100000e+01
   2.9200000e+01
   2.9300000e+01
   2.9400000e+01
   2.9500000e+01
   2.9600000e+01
   2.9700000e+01
   2.9800000e+01
   2.9900000e+01
   3.0000000e+01
   3.0100000e+01
   3.0200000e+01
   3.0300000e+01
   3.0400000e+01
   3.0500000e+01
   3.0600000e+01
   3.0700000e+01
   3.0800000e+01
   3.0900000e+01
   3.1000000e+01
   3.1100000e+01
   3.1200000e+01
   3.1300000e+01
   3.1400000e+01
   3.1500000e+01
   3.1600000e+01
   3.1700000e+01
   3.1800000e+01
   3.1900000e+01
   3.2000000e+01
   3.2100000e+01
   3.2200000e+01
   3.2300000e+01
   3.2400000e+01
   3.2500000e+01
   3.2600000e+01
   3.2700000e+01
   3.2800000e+01
   3.2900000e+01
   3.3000000e+01
   3.3100000e+01
   3.3200000e+01
   3.3300000e+01
   3.3400000e+01
   3.3500000e+01
   3.3600000e+01
   3.3700000e+01
   3.3800000e+01
   3.3900000e+01
   3.4000000e+01
   3.4100000e+01
   3.4200000e+01
   3.4300000e+01
   3.4400000e+01
   3.4500000e+01
   3.4600000e+01
   3.4700000e+01
   3.4800000e+01
   3.4900000e+01
   3.5000000e+01
   3.5100000e+01
   3.5200000e+01
   3.5300000e+01
   3.5400000e+01
   3.5500000e+01
   3.5600000e+01
   3.5700000e+01
   3.5800000e+01
   3.5900000e+01
   3.6000000e+01
   3.6100000e+01
   3.6200000e+01
   3.6300000e+01
   3.6400000e+01
   3.6500000e+01
   3.6600000e+01
   3.6700000e+01
   3.6800000e+01
   3.6900000e+01
   3.7000000e+01
   3.7100000e+01
   3.7200000e+01
   3.7300000e+01
   3.7400000e+01
   3.7500000e+01
   3.7600000e+01
   3.7700000e+01
   3.7800000e+01
   3.7900000e+01
   3.8000000e+01
   3.8100000e+01
   3.8200000e+01
   3.8300000e+01
   3.8400000e+01
   3.8500000e+01
   3.8600000e+01
   3.8700000e+01
   3.8800000e+01
   3.8900000e+01
   3.9000000e+01
   3.9100000e+01
   3.9200000e+01
   3.9300000e+01
   3.9400000e+01
   3.9500000e+01
   3.9600000e+01
   3.9700000e+01
   3.9800000e+01
   3.9900000e+01
   4.0000000e+01
   4.0100000e+01
   4.0200000e+01
   4.0300000e+01
   4.0400000e+01
   4.0500000e+01
   4.0600000e+01
   4.0700000e+01
   4.0800000e+01
   4.0900000e+01
   4.1000000e+01
   4.1100000e+01
   4.1200000e+01
   4.1300000e+01
   4.1400000e+01
   4.1500000e+01
   4.1600000e+01
   4.1700000e+01
   4.1800000e+01
   4.1900000e+01
   4.2000000e+01
   4.2100000e+01
   4.2200000e+01
   4.2300000e+01
   4.2400000e+01
   4.2500000e+01
   4.2600000e+01
   4.2700000e+01
   4.2800000e+01
   4.2900000e+01
   4.3000000e+01
   4.3100000e+01
   4.3200000e+01
   4.3300000e+01
   4.3400000e+01
   4.3500000e+01
   4.3600000e+01
   4.3700000e+01
   4.3800000e+01
   4.3900000e+01
   4.4000000e+01
   4.4100000e+01
   4.4200000e+01
   4.4300000e+01
   4.4400000e+01
   4.4500000e+01
   4.4600000e+01
   4.4700000e+01
   4.4800000e+01
   4.4900000e+01
   4.5000000e+01
   4.5100000e+01
   4.5200000e+01
   4.5300000e+01
   4.5400000e+01
   4.5500000e+01
   4.5600000e+01
   4.5700000e+01
   4.5800000e+01
   4.5900000e+01
   4.6000000e+01
   4.6100000e+01
   4.6200000e+01
   4.6300000e+01
   4.6400000e+01
   4.6500000e+01
   4.6600000e+01
   4.6700000e+01
   4.6800000e+01
   4.6900000e+01
   4.7000000e+01
   4.7100000e+01
   4.7200000e+01
   4.7300000e+01
   4.7400000e+01
   4.7500000e+01
   4.7600000e+01
   4.7700000e+01
   4.7800000e+01
   4.7900000e+01
   4.8000000e+01
   4.8100000e+01
   4.8200000e+01
   4.8300000e+01
   4.8400000e+01
   4.8500000e+01
   4.8600000e+01
   4.8700000e+01
   4.8800000e+01
   4.8900000e+01
   4.9000000e+01
   4.9100000e+01
   4.9200000e+01
   4.9300000e+01
   4.9400000e+01
   4.9500000e+01
   4.9600000e+01
   4.9700000e+01
   4.9800000e+01
   4.9900000e+01
   5.0000000e+01
  -1.6028571e+01
  -1.5526318e+01
  -1.5029543e+01
  -1.4538225e+01
  -1.4052343e+01
  -1.3571875e+01
  -1.3096800e+01
  -1.2627096e+01
  -1.2162743e+01
  -1.1703718e+01
  -1.1250000e+01
  -1.0801568e+01
  -1.0358400e+01
  -9.9204750e+00
  -9.4877714e+00
  -9.0602679e+00
  -8.6379429e+00
  -8.2207750e+00
  -7.8087429e+00
  -7.4018250e+00
  -7.0000000e+00
  -6.6032464e+00
  -6.2115429e+00
  -5.8248679e+00
  -5.4432000e+00
  -5.0665179e+00
  -4.6948000e+00
  -4.3280250e+00
  -3.9661714e+00
  -3.6092179e+00
  -3.2571429e+00
  -2.9099250e+00
  -2.5675429e+00
  -2.2299750e+00
  -1.8972000e+00
  -1.5691964e+00
  -1.2459429e+00
  -9.2741786e-01
  -6.1360000e-01
  -3.0446786e-01
   0.0000000e+00
   2.9982500e-01
   5.9502857e-01
   8.8563214e-01
   1.1716571e+00
   1.4531250e+00
   1.7300571e+00
   2.0024750e+00
   2.2704000e+00
   2.5338536e+00
   2.7928571e+00
   3.0474321e+00
   3.2976000e+00
   3.5433821e+00
   3.7848000e+00
   4.0218750e+00
   4.2546286e+00
   4.4830821e+00
   4.7072571e+00
   4.9271750e+00
   5.1428571e+00
   5.3543250e+00
   5.5616000e+00
   5.7647036e+00
   5.9636571e+00
   6.1584821e+00
   6.3492000e+00
   6.5358321e+00
   6.7184000e+00
   6.8969250e+00
   7.0714286e+00
   7.2419321e+00
   7.4084571e+00
   7.5710250e+00
   7.7296571e+00
   7.8843750e+00
   8.0352000e+00
   8.1821536e+00
   8.3252571e+00
   8.4645321e+00
   8.6000000e+00
   8.7316821e+00
   8.8596000e+00
   8.9837750e+00
   9.1042286e+00
   9.2209821e+00
   9.3340571e+00
   9.4434750e+00
   9.5492571e+00
   9.6514250e+00
   9.7500000e+00
   9.8450036e+00
   9.9364571e+00
   1.0024382e+01
   1.0108800e+01
   1.0189732e+01
   1.0267200e+01
   1.0341225e+01
   1.0411829e+01
   1.0479032e+01
   1.0542857e+01
   1.0603325e+01
   1.0660457e+01
   1.0714275e+01
   1.0764800e+01
   1.0812054e+01
   1.0856057e+01
   1.0896832e+01
   1.0934400e+01
   1.0968782e+01
   1.1000000e+01
   1.1028075e+01
   1.1053029e+01
   1.1074882e+01
   1.1093657e+01
   1.1109375e+01
   1.1122057e+01
   1.1131725e+01
   1.1138400e+01
   1.1142104e+01
   1.1142857e+01
   1.1140682e+01
   1.1135600e+01
   1.1127632e+01
   1.1116800e+01
   1.1103125e+01
   1.1086629e+01
   1.1067332e+01
   1.1045257e+01
   1.1020425e+01
   1.0992857e+01
   1.0962575e+01
   1.0929600e+01
   1.0893954e+01
   1.0855657e+01
   1.0814732e+01
   1.0771200e+01
   1.0725082e+01
   1.0676400e+01
   1.0625175e+01
   1.0571429e+01
   1.0515182e+01
   1.0456457e+01
   1.0395275e+01
   1.0331657e+01
   1.0265625e+01
   1.0197200e+01
   1.0126404e+01
   1.0053257e+01
   9.9777821e+00
   9.9000000e+00
   9.8199321e+00
   9.7376000e+00
   9.6530250e+00
   9.5662286e+00
   9.4772321e+00
   9.3860571e+00
   9.2927250e+00
   9.1972571e+00
   9.0996750e+00
   9.0000000e+00
   8.8982536e+00
   8.7944571e+00
   8.6886321e+00
   8.5808000e+00
   8.4709821e+00
   8.3592000e+00
   8.2454750e+00
   8.1298286e+00
   8.0122821e+00
   7.8928571e+00
   7.7715750e+00
   7.6484571e+00
   7.5235250e+00
   7.3968000e+00
   7.2683036e+00
   7.1380571e+00
   7.0060821e+00
   6.8724000e+00
   6.7370321e+00
   6.6000000e+00
   6.4613250e+00
   6.3210286e+00
   6.1791321e+00
   6.0356571e+00
   5.8906250e+00
   5.7440571e+00
   5.5959750e+00
   5.4464000e+00
   5.2953536e+00
   5.1428571e+00
   4.9889321e+00
   4.8336000e+00
   4.6768821e+00
   4.5188000e+00
   4.3593750e+00
   4.1986286e+00
   4.0365821e+00
   3.8732571e+00
   3.7086750e+00
   3.5428571e+00
   3.3758250e+00
   3.2076000e+00
   3.0382036e+00
   2.8676571e+00
   2.6959821e+00
   2.5232000e+00
   2.3493321e+00
   2.1744000e+00
   1.9984250e+00
   1.8214286e+00
   1.6434321e+00
   1.4644571e+00
   1.2845250e+00
   1.1036571e+00
   9.2187500e-01
   7.3920000e-01
   5.5565357e-01
   3.7125714e-01
   1.8603214e-01
  -0.0000000e+00
  -1.8681786e-01
  -3.7440000e-01
  -5.6272500e-01
  -7.5177143e-01
  -9.4151786e-01
  -1.1319429e+00
  -1.3230250e+00
  -1.5147429e+00
  -1.7070750e+00
  -1.9000000e+00
  -2.0934964e+00
  -2.2875429e+00
  -2.4821179e+00
  -2.6772000e+00
  -2.8727679e+00
  -3.0688000e+00
  -3.2652750e+00
  -3.4621714e+00
  -3.6594679e+00
  -3.8571429e+00
  -4.0551750e+00
  -4.2535429e+00
  -4.4522250e+00
  -4.6512000e+00
  -4.8504464e+00
  -5.0499429e+00
  -5.2496679e+00
  -5.4496000e+00
  -5.6497179e+00
  -5.8500000e+00
  -6.0504250e+00
  -6.2509714e+00
  -6.4516179e+00
  -6.6523429e+00
  -6.8531250e+00
  -7.0539429e+00
  -7.2547750e+00
  -7.4556000e+00
  -7.6563964e+00
  -7.8571429e+00
  -8.0578179e+00
  -8.2584000e+00
  -8.4588679e+00
  -8.6592000e+00
  -8.8593750e+00
  -9.0593714e+00
  -9.2591679e+00
  -9.4587429e+00
  -9.6580750e+00
  -9.8571429e+00
  -1.0055925e+01
  -1.0254400e+01
  -1.0452546e+01
  -1.0650343e+01
  -1.0847768e+01
  -1.1044800e+01
  -1.1241418e+01
  -1.1437600e+01
  -1.1633325e+01
  -1.1828571e+01
  -1.2023318e+01
  -1.2217543e+01
  -1.2411225e+01
  -1.2604343e+01
  -1.2796875e+01
  -1.2988800e+01
  -1.3180096e+01
  -1.3370743e+01
  -1.3560718e+01
  -1.3750000e+01
  -1.3938568e+01
  -1.4126400e+01
  -1.4313475e+01
  -1.4499771e+01
  -1.4685268e+01
  -1.4869943e+01
  -1.5053775e+01
  -1.5236743e+01
  -1.5418825e+01
  -1.5600000e+01
  -1.5780246e+01
  -1.5959543e+01
  -1.6137868e+01
  -1.6315200e+01
  -1.6491518e+01
  -1.6666800e+01
  -1.6841025e+01
  -1.7014171e+01
  -1.7186218e+01
  -1.7357143e+01
  -1.7526925e+01
  -1.7695543e+01
  -1.7862975e+01
  -1.8029200e+01
  -1.8194196e+01
  -1.8357943e+01
  -1.8520418e+01
  -1.8681600e+01
  -1.8841468e+01
  -1.9000000e+01
  -1.9157175e+01
  -1.9312971e+01
  -1.9467368e+01
  -1.9620343e+01
  -1.9771875e+01
  -1.9921943e+01
  -2.0070525e+01
  -2.0217600e+01
  -2.0363146e+01
  -2.0507143e+01
  -2.0649568e+01
  -2.0790400e+01
  -2.0929618e+01
  -2.1067200e+01
  -2.1203125e+01
  -2.1337371e+01
  -2.1469918e+01
  -2.1600743e+01
  -2.1729825e+01
  -2.1857143e+01
  -2.1982675e+01
  -2.2106400e+01
  -2.2228296e+01
  -2.2348343e+01
  -2.2466518e+01
  -2.2582800e+01
  -2.2697168e+01
  -2.2809600e+01
  -2.2920075e+01
  -2.3028571e+01
  -2.3135068e+01
  -2.3239543e+01
  -2.3341975e+01
  -2.3442343e+01
  -2.3540625e+01
  -2.3636800e+01
  -2.3730846e+01
  -2.3822743e+01
  -2.3912468e+01
  -2.4000000e+01
  -2.4085318e+01
  -2.4168400e+01
  -2.4249225e+01
  -2.4327771e+01
  -2.4404018e+01
  -2.4477943e+01
  -2.4549525e+01
  -2.4618743e+01
  -2.4685575e+01
  -2.4750000e+01
  -2.4811996e+01
  -2.4871543e+01
  -2.4928618e+01
  -2.4983200e+01
  -2.5035268e+01
  -2.5084800e+01
  -2.5131775e+01
  -2.5176171e+01
  -2.5217968e+01
  -2.5257143e+01
  -2.5293675e+01
  -2.5327543e+01
  -2.5358725e+01
  -2.5387200e+01
  -2.5412946e+01
  -2.5435943e+01
  -2.5456168e+01
  -2.5473600e+01
  -2.5488218e+01
  -2.5500000e+01
  -2.5508925e+01
  -2.5514971e+01
  -2.5518118e+01
  -2.5518343e+01
  -2.5515625e+01
  -2.5509943e+01
  -2.5501275e+01
  -2.5489600e+01
  -2.5474896e+01
  -2.5457143e+01
  -2.5436318e+01
  -2.5412400e+01
  -2.5385368e+01
  -2.5355200e+01
  -2.5321875e+01
  -2.5285371e+01
  -2.5245668e+01
  -2.5202743e+01
  -2.5156575e+01
  -2.5107143e+01
  -2.5054425e+01
  -2.4998400e+01
  -2.4939046e+01
  -2.4876343e+01
  -2.4810268e+01
  -2.4740800e+01
  -2.4667918e+01
  -2.4591600e+01
  -2.4511825e+01
  -2.4428571e+01
  -2.4341818e+01
  -2.4251543e+01
  -2.4157725e+01
  -2.4060343e+01
  -2.3959375e+01
  -2.3854800e+01
  -2.3746596e+01
  -2.3634743e+01
  -2.3519218e+01
  -2.3400000e+01
  -2.3277068e+01
  -2.3150400e+01
  -2.3019975e+01
  -2.2885771e+01
  -2.2747768e+01
  -2.2605943e+01
  -2.2460275e+01
  -2.2310743e+01
  -2.2157325e+01
  -2.2000000e+01
  -2.1838746e+01
  -2.1673543e+01
  -2.1504368e+01
  -2.1331200e+01
  -2.1154018e+01
  -2.0972800e+01
  -2.0787525e+01
  -2.0598171e+01
  -2.0404718e+01
  -2.0207143e+01
  -2.0005425e+01
  -1.9799543e+01
  -1.9589475e+01
  -1.9375200e+01
  -1.9156696e+01
  -1.8933943e+01
  -1.8706918e+01
  -1.8475600e+01
  -1.8239968e+01
  -1.8000000e+01
  -1.7755675e+01
  -1.7506971e+01
  -1.7253868e+01
  -1.6996343e+01
  -1.6734375e+01
  -1.6467943e+01
  -1.6197025e+01
  -1.5921600e+01
  -1.5641646e+01
  -1.5357143e+01
  -1.5068068e+01
  -1.4774400e+01
  -1.4476118e+01
  -1.4173200e+01
  -1.3865625e+01
  -1.3553371e+01
  -1.3236418e+01
  -1.2914743e+01
  -1.2588325e+01
  -1.2257143e+01
  -1.1921175e+01
  -1.1580400e+01
  -1.1234796e+01
  -1.0884343e+01
  -1.0529018e+01
  -1.0168800e+01
  -9.8036679e+00
  -9.4336000e+00
  -9.0585750e+00
  -8.6785714e+00
  -8.2935679e+00
  -7.9035429e+00
  -7.5084750e+00
  -7.1083429e+00
  -6.7031250e+00
  -6.2928000e+00
  -5.8773464e+00
  -5.4567429e+00
  -5.0309679e+00
  -4.6000000e+00
   8.0352000e+01
   7.5314362e+01
   7.0391059e+01
   6.5580910e+01
   6.0882739e+01
   5.6295375e+01
   5.1817651e+01
   4.7448406e+01
   4.3186483e+01
   3.9030730e+01
   3.4980000e+01
   3.1033150e+01
   2.7189043e+01
   2.3446546e+01
   1.9804531e+01
   1.6261875e+01
   1.2817459e+01
   9.4701702e+00
   6.2188992e+00
   3.0625422e+00
  -0.0000000e+00
  -2.9698218e+00
  -5.8480128e+00
  -8.6356578e+00
  -1.1333837e+01
  -1.3943625e+01
  -1.6466093e+01
  -1.8902306e+01
  -2.1253325e+01
  -2.3520206e+01
  -2.5704000e+01
  -2.7805754e+01
  -2.9826509e+01
  -3.1767302e+01
  -3.3629165e+01
  -3.5413125e+01
  -3.7120205e+01
  -3.8751422e+01
  -4.0307789e+01
  -4.1790314e+01
  -4.3200000e+01
  -4.4537846e+01
  -4.5804845e+01
  -4.7001986e+01
  -4.8130253e+01
  -4.9190625e+01
  -5.0184077e+01
  -5.1111578e+01
  -5.1974093e+01
  -5.2772582e+01
  -5.3508000e+01
  -5.4181298e+01
  -5.4793421e+01
  -5.5345310e+01
  -5.5837901e+01
  -5.6272125e+01
  -5.6648909e+01
  -5.6969174e+01
  -5.7233837e+01
  -5.7443810e+01
  -5.7600000e+01
  -5.7703310e+01
  -5.7754637e+01
  -5.7754874e+01
  -5.7704909e+01
  -5.7605625e+01
  -5.7457901e+01
  -5.7262610e+01
  -5.7020621e+01
  -5.6732798e+01
  -5.6400000e+01
  -5.6023082e+01
  -5.5602893e+01
  -5.5140278e+01
  -5.4636077e+01
  -5.4091125e+01
  -5.3506253e+01
  -5.2882286e+01
  -5.2220045e+01
  -5.1520346e+01
  -5.0784000e+01
  -5.0011814e+01
  -4.9204589e+01
  -4.8363122e+01
  -4.7488205e+01
  -4.6580625e+01
  -4.5641165e+01
  -4.4670602e+01
  -4.3669709e+01
  -4.2639254e+01
  -4.1580000e+01
  -4.0492706e+01
  -3.9378125e+01
  -3.8237006e+01
  -3.7070093e+01
  -3.5878125e+01
  -3.4661837e+01
  -3.3421958e+01
  -3.2159213e+01
  -3.0874322e+01
  -2.9568000e+01
  -2.8240958e+01
  -2.6893901e+01
  -2.5527530e+01
  -2.4142541e+01
  -2.2739625e+01
  -2.1319469e+01
  -1.9882754e+01
  -1.8430157e+01
  -1.6962350e+01
  -1.5480000e+01
  -1.3983770e+01
  -1.2474317e+01
  -1.0952294e+01
  -9.4183488e+00
  -7.8731250e+00
  -6.3172608e+00
  -4.7513898e+00
  -3.1761408e+00
  -1.5921378e+00
   0.0000000e+00
   1.5996582e+00
   3.2062272e+00
   4.8191022e+00
   6.4376832e+00
   8.0613750e+00
   9.6895872e+00
   1.1321734e+01
   1.2957235e+01
   1.4595514e+01
   1.6236000e+01
   1.7878126e+01
   1.9521331e+01
   2.1165058e+01
   2.2808755e+01
   2.4451875e+01
   2.6093875e+01
   2.7734218e+01
   2.9372371e+01
   3.1007806e+01
   3.2640000e+01
   3.4268434e+01
   3.5892595e+01
   3.7511974e+01
   3.9126067e+01
   4.0734375e+01
   4.2336403e+01
   4.3931662e+01
   4.5519667e+01
   4.7099938e+01
   4.8672000e+01
   5.0235382e+01
   5.1789619e+01
   5.3334250e+01
   5.4868819e+01
   5.6392875e+01
   5.7905971e+01
   5.9407666e+01
   6.0897523e+01
   6.2375110e+01
   6.3840000e+01
   6.5291770e+01
   6.6730003e+01
   6.8154286e+01
   6.9564211e+01
   7.0959375e+01
   7.2339379e+01
   7.3703830e+01
   7.5052339e+01
   7.6384522e+01
   7.7700000e+01
   7.8998398e+01
   8.0279347e+01
   8.1542482e+01
   8.2787443e+01
   8.4013875e+01
   8.5221427e+01
   8.6409754e+01
   8.7578515e+01
   8.8727374e+01
   8.9856000e+01
   9.0964066e+01
   9.2051251e+01
   9.3117238e+01
   9.4161715e+01
   9.5184375e+01
   9.6184915e+01
   9.7163038e+01
   9.8118451e+01
   9.9050866e+01
   9.9960000e+01
   1.0084557e+02
   1.0170732e+02
   1.0254495e+02
   1.0335823e+02
   1.0414687e+02
   1.0491064e+02
   1.0564928e+02
   1.0636255e+02
   1.0705020e+02
   1.0771200e+02
   1.0834772e+02
   1.0895714e+02
   1.0954003e+02
   1.1009618e+02
   1.1062538e+02
   1.1112741e+02
   1.1160209e+02
   1.1204920e+02
   1.1246857e+02
   1.1286000e+02
   1.1322331e+02
   1.1355832e+02
   1.1386487e+02
   1.1414277e+02
   1.1439187e+02
   1.1461202e+02
   1.1480305e+02
   1.1496482e+02
   1.1509718e+02
   1.1520000e+02
   1.1527314e+02
   1.1531647e+02
   1.1532986e+02
   1.1531320e+02
   1.1526637e+02
   1.1518927e+02
   1.1508177e+02
   1.1494380e+02
   1.1477523e+02
   1.1457600e+02
   1.1434601e+02
   1.1408517e+02
   1.1379342e+02
   1.1347068e+02
   1.1311687e+02
   1.1273196e+02
   1.1231586e+02
   1.1186853e+02
   1.1138993e+02
   1.1088000e+02
   1.1033871e+02
   1.0976604e+02
   1.0916193e+02
   1.0852639e+02
   1.0785938e+02
   1.0716088e+02
   1.0643090e+02
   1.0566943e+02
   1.0487646e+02
   1.0405200e+02
   1.0319606e+02
   1.0230866e+02
   1.0138981e+02
   1.0043954e+02
   9.9457875e+01
   9.8444851e+01
   9.7400506e+01
   9.6324883e+01
   9.5218030e+01
   9.4080000e+01
   9.2910850e+01
   9.1710643e+01
   9.0479446e+01
   8.9217331e+01
   8.7924375e+01
   8.6600659e+01
   8.5246270e+01
   8.3861299e+01
   8.2445842e+01
   8.1000000e+01
   7.9523878e+01
   7.8017587e+01
   7.6481242e+01
   7.4914963e+01
   7.3318875e+01
   7.1693107e+01
   7.0037794e+01
   6.8353075e+01
   6.6639094e+01
   6.4896000e+01
   6.3123946e+01
   6.1323091e+01
   5.9493598e+01
   5.7635635e+01
   5.5749375e+01
   5.3834995e+01
   5.1892678e+01
   4.9922611e+01
   4.7924986e+01
   4.5900000e+01
   4.3847854e+01
   4.1768755e+01
   3.9662914e+01
   3.7530547e+01
   3.5371875e+01
   3.3187123e+01
   3.0976522e+01
   2.8740307e+01
   2.6478718e+01
   2.4192000e+01
   2.1880402e+01
   1.9544179e+01
   1.7183590e+01
   1.4798899e+01
   1.2390375e+01
   9.9582912e+00
   7.5029262e+00
   5.0245632e+00
   2.5234902e+00
  -0.0000000e+00
  -2.5456098e+00
  -5.1130368e+00
  -7.7019738e+00
  -1.0312109e+01
  -1.2943125e+01
  -1.5594701e+01
  -1.8266510e+01
  -2.0958221e+01
  -2.3669498e+01
  -2.6400000e+01
  -2.9149382e+01
  -3.1917293e+01
  -3.4703378e+01
  -3.7507277e+01
  -4.0328625e+01
  -4.3167053e+01
  -4.6022186e+01
  -4.8893645e+01
  -5.1781046e+01
  -5.4684000e+01
  -5.7602114e+01
  -6.0534989e+01
  -6.3482222e+01
  -6.6443405e+01
  -6.9418125e+01
  -7.2405965e+01
  -7.5406502e+01
  -7.8419309e+01
  -8.1443954e+01
  -8.4480000e+01
  -8.7527006e+01
  -9.0584525e+01
  -9.3652106e+01
  -9.6729293e+01
  -9.9815625e+01
  -1.0291064e+02
  -1.0601386e+02
  -1.0912481e+02
  -1.1224302e+02
  -1.1536800e+02
  -1.1849926e+02
  -1.2163630e+02
  -1.2477863e+02
  -1.2792574e+02
  -1.3107712e+02
  -1.3423227e+02
  -1.3739065e+02
  -1.4055176e+02
  -1.4371505e+02
  -1.4688000e+02
  -1.5004607e+02
  -1.5321272e+02
  -1.5637939e+02
  -1.5954555e+02
  -1.6271062e+02
  -1.6587406e+02
  -1.6903529e+02
  -1.7219374e+02
  -1.7534884e+02
  -1.7850000e+02
  -1.8164664e+02
  -1.8478817e+02
  -1.8792400e+02
  -1.9105352e+02
  -1.9417613e+02
  -1.9729121e+02
  -2.0039817e+02
  -2.0349636e+02
  -2.0658519e+02
  -2.0966400e+02
  -2.1273217e+02
  -2.1578907e+02
  -2.1883404e+02
  -2.2186644e+02
  -2.2488563e+02
  -2.2789092e+02
  -2.3088168e+02
  -2.3385723e+02
  -2.3681689e+02
  -2.3976000e+02
  -2.4268587e+02
  -2.4559380e+02
  -2.4848313e+02
  -2.5135313e+02
  -2.5420313e+02
  -2.5703240e+02
  -2.5984024e+02
  -2.6262593e+02
  -2.6538876e+02
  -2.6812800e+02
  -2.7084292e+02
  -2.7353278e+02
  -2.7619685e+02
  -2.7883438e+02
  -2.8144462e+02
  -2.8402683e+02
  -2.8658023e+02
  -2.8910408e+02
  -2.9159759e+02
  -2.9406000e+02
  -2.9649053e+02
  -2.9888840e+02
  -3.0125281e+02
  -3.0358299e+02
  -3.0587813e+02
  -3.0813742e+02
  -3.1036007e+02
  -3.1254526e+02
  -3.1469218e+02
  -3.1680000e+02
  -3.1886790e+02
  -3.2089505e+02
  -3.2288062e+02
  -3.2482376e+02
  -3.2672363e+02
  -3.2857937e+02
  -3.3039015e+02
  -3.3215508e+02
  -3.3387333e+02
  -3.3554400e+02
  -3.3716623e+02
  -3.3873915e+02
  -3.4026186e+02
  -3.4173348e+02
  -3.4315312e+02
  -3.4451988e+02
  -3.4583286e+02
  -3.4709115e+02
  -3.4829383e+02
  -3.4944000e+02
  -3.5052873e+02
  -3.5155908e+02
  -3.5253015e+02
  -3.5344097e+02
  -3.5429062e+02
  -3.5507816e+02
  -3.5580262e+02
  -3.5646305e+02
  -3.5705850e+02
  -3.5758800e+02
  -3.5805058e+02
  -3.5844526e+02
  -3.5877107e+02
  -3.5902702e+02
  -3.5921213e+02
  -3.5932539e+02
  -3.5936581e+02
  -3.5933240e+02
  -3.5922413e+02
  -3.5904000e+02
  -3.5877899e+02
  -3.5844008e+02
  -3.5802223e+02
  -3.5752443e+02
  -3.5694563e+02
  -3.5628478e+02
  -3.5554085e+02
  -3.5471278e+02
  -3.5379952e+02
  -3.5280000e+02
  -3.5171316e+02
  -3.5053793e+02
  -3.4927324e+02
  -3.4791800e+02
  -3.4647112e+02
  -3.4493153e+02
  -3.4329813e+02
  -3.4156980e+02
  -3.3974547e+02
  -3.3782400e+02
  -3.3580429e+02
  -3.3368523e+02
  -3.3146568e+02
  -3.2914452e+02
  -3.2672062e+02
  -3.2419284e+02
  -3.2156004e+02
  -3.1882107e+02
  -3.1597477e+02
  -3.1302000e+02
  -3.0995559e+02
  -3.0678036e+02
  -3.0349317e+02
  -3.0009281e+02
  -2.9657813e+02
  -2.9294792e+02
  -2.8920100e+02
  -2.8533617e+02
  -2.8135224e+02
  -2.7724800e+02
   0.0000000e+00
   1.5000000e-01
   3.0000000e-01
   4.5000000e-01
   6.0000000e-01
   7.5000000e-01
   9.0000000e-01
   1.0500000e+00
   1.2000000e+00
   1.3500000e+00
   1.5000000e+00
   1.6500000e+00
   1.8000000e+00
   1.9500000e+00
   2.1000000e+00
   2.2500000e+00
   2.4000000e+00
   2.5500000e+00
   2.7000000e+00
   2.8500000e+00
   3.0000000e+00
   3.1500000e+00
   3.3000000e+00
   3.4500000e+00
   3.6000000e+00
   3.7500000e+00
   3.9000000e+00
   4.0500000e+00
   4.2000000e+00
   4.3500000e+00
   4.5000000e+00
   4.6500000e+00
   4.8000000e+00
   4.9500000e+00
   5.1000000e+00
   5.2500000e+00
   5.4000000e+00
   5.5500000e+00
   5.7000000e+00
   5.8500000e+00
   6.0000000e+00
   6.1500000e+00
   6.3000000e+00
   6.4500000e+00
   6.6000000e+00
   6.7500000e+00
   6.9000000e+00
   7.0500000e+00
   7.2000000e+00
   7.3500000e+00
   7.5000000e+00
   7.6500000e+00
   7.8000000e+00
   7.9500000e+00
   8.1000000e+00
   8.2500000e+00
   8.4000000e+00
   8.5500000e+00
   8.7000000e+00
   8.8500000e+00
   9.0000000e+00
   9.1500000e+00
   9.3000000e+00
   9.4500000e+00
   9.6000000e+00
   9.7500000e+00
   9.9000000e+00
   1.0050000e+01
   1.0200000e+01
   1.0350000e+01
   1.0500000e+01
   1.0650000e+01
   1.0800000e+01
   1.0950000e+01
   1.1100000e+01
   1.1250000e+01
   1.1400000e+01
   1.1550000e+01
   1.1700000e+01
   1.1850000e+01
   1.2000000e+01
   1.2150000e+01
   1.2300000e+01
   1.2450000e+01
   1.2600000e+01
   1.2750000e+01
   1.2900000e+01
   1.3050000e+01
   1.3200000e+01
   1.3350000e+01
   1.3500000e+01
   1.3650000e+01
   1.3800000e+01
   1.3950000e+01
   1.4100000e+01
   1.4250000e+01
   1.4400000e+01
   1.4550000e+01
   1.4700000e+01
   1.4850000e+01
   1.5000000e+01
   1.5150000e+01
   1.5300000e+01
   1.5450000e+01
   1.5600000e+01
   1.5750000e+01
   1.5900000e+01
   1.6050000e+01
   1.6200000e+01
   1.6350000e+01
   1.6500000e+01
   1.6650000e+01
   1.6800000e+01
   1.6950000e+01
   1.7100000e+01
   1.7250000e+01
   1.7400000e+01
   1.7550000e+01
   1.7700000e+01
   1.7850000e+01
   1.8000000e+01
   1.8150000e+01
   1.8300000e+01
   1.8450000e+01
   1.8600000e+01
   1.8750000e+01
   1.8900000e+01
   1.9050000e+01
   1.9200000e+01
   1.9350000e+01
   1.9500000e+01
   1.9650000e+01
   1.9800000e+01
   1.9950000e+01
   2.0100000e+01
   2.0250000e+01
   2.0400000e+01
   2.0550000e+01
   2.0700000e+01
   2.0850000e+01
   2.1000000e+01
   2.1150000e+01
   2.1300000e+01
   2.1450000e+01
   2.1600000e+01
   2.1750000e+01
   2.1900000e+01
   2.2050000e+01
   2.2200000e+01
   2.2350000e+01
   2.2500000e+01
   2.2650000e+01
   2.2800000e+01
   2.2950000e+01
   2.3100000e+01
   2.3250000e+01
   2.3400000e+01
   2.3550000e+01
   2.3700000e+01
   2.3850000e+01
   2.4000000e+01
   2.4150000e+01
   2.4300000e+01
   2.4450000e+01
   2.4600000e+01
   2.4750000e+01
   2.4900000e+01
   2.5050000e+01
   2.5200000e+01
   2.5350000e+01
   2.5500000e+01
   2.5650000e+01
   2.5800000e+01
   2.5950000e+01
   2.6100000e+01
   2.6250000e+01
   2.6400000e+01
   2.6550000e+01
   2.6700000e+01
   2.6850000e+01
   2.7000000e+01
   2.7150000e+01
   2.7300000e+01
   2.7450000e+01
   2.7600000e+01
   2.7750000e+01
   2.7900000e+01
   2.8050000e+01
   2.8200000e+01
   2.8350000e+01
   2.8500000e+01
   2.8650000e+01
   2.8800000e+01
   2.8950000e+01
   2.9100000e+01
   2.9250000e+01
   2.9400000e+01
   2.9550000e+01
   2.9700000e+01
   2.9850000e+01
   3.0000000e+01
   3.0150000e+01
   3.0300000e+01
   3.0450000e+01
   3.0600000e+01
   3.0750000e+01
   3.0900000e+01
   3.1050000e+01
   3.1200000e+01
   3.1350000e+01
   3.1500000e+01
   3.1650000e+01
   3.1800000e+01
   3.1950000e+01
   3.2100000e+01
   3.2250000e+01
   3.2400000e+01
   3.2550000e+01
   3.2700000e+01
   3.2850000e+01
   3.3000000e+01
   3.3150000e+01
   3.3300000e+01
   3.3450000e+01
   3.3600000e+01
   3.3750000e+01
   3.3900000e+01
   3.4050000e+01
   3.4200000e+01
   3.4350000e+01
   3.4500000e+01
   3.4650000e+01
   3.4800000e+01
   3.4950000e+01
   3.5100000e+01
   3.5250000e+01
   3.5400000e+01
   3.5550000e+01
   3.5700000e+01
   3.5850000e+01
   3.6000000e+01
   3.6150000e+01
   3.6300000e+01
   3.6450000e+01
   3.6600000e+01
   3.6750000e+01
   3.6900000e+01
   3.7050000e+01
   3.7200000e+01
   3.7350000e+01
   3.7500000e+01
   3.7650000e+01
   3.7800000e+01
   3.7950000e+01
   3.8100000e+01
   3.8250000e+01
   3.8400000e+01
   3.8550000e+01
   3.8700000e+01
   3.8850000e+01
   3.9000000e+01
   3.9150000e+01
   3.9300000e+01
   3.9450000e+01
   3.9600000e+01
   3.9750000e+01
   3.9900000e+01
   4.0050000e+01
   4.0200000e+01
   4.0350000e+01
   4.0500000e+01
   4.0650000e+01
   4.0800000e+01
   4.0950000e+01
   4.1100000e+01
   4.1250000e+01
   4.1400000e+01
   4.1550000e+01
   4.1700000e+01
   4.1850000e+01
   4.2000000e+01
   4.2150000e+01
   4.2300000e+01
   4.2450000e+01
   4.2600000e+01
   4.2750000e+01
   4.2900000e+01
   4.3050000e+01
   4.3200000e+01
   4.3350000e+01
   4.3500000e+01
   4.3650000e+01
   4.3800000e+01
   4.3950000e+01
   4.4100000e+01
   4.4250000e+01
   4.4400000e+01
   4.4550000e+01
   4.4700000e+01
   4.4850000e+01
   4.5000000e+01
   4.5150000e+01
   4.5300000e+01
   4.5450000e+01
   4.5600000e+01
   4.5750000e+01
   4.5900000e+01
   4.6050000e+01
   4.6200000e+01
   4.6350000e+01
   4.6500000e+01
   4.6650000e+01
   4.6800000e+01
   4.6950000e+01
   4.7100000e+01
   4.7250000e+01
   4.7400000e+01
   4.7550000e+01
   4.7700000e+01
   4.7850000e+01
   4.8000000e+01
   4.8150000e+01
   4.8300000e+01
   4.8450000e+01
   4.8600000e+01
   4.8750000e+01
   4.8900000e+01
   4.9050000e+01
   4.9200000e+01
   4.9350000e+01
   4.9500000e+01
   4.9650000e+01
   4.9800000e+01
   4.9950000e+01
   5.0100000e+01
   5.0250000e+01
   5.0400000e+01
   5.0550000e+01
   5.0700000e+01
   5.0850000e+01
   5.1000000e+01
   5.1150000e+01
   5.1300000e+01
   5.1450000e+01
   5.1600000e+01
   5.1750000e+01
   5.1900000e+01
   5.2050000e+01
   5.2200000e+01
   5.2350000e+01
   5.2500000e+01
   5.2650000e+01
   5.2800000e+01
   5.2950000e+01
   5.3100000e+01
   5.3250000e+01
   5.3400000e+01
   5.3550000e+01
   5.3700000e+01
   5.3850000e+01
   5.4000000e+01
   5.4150000e+01
   5.4300000e+01
   5.4450000e+01
   5.4600000e+01
   5.4750000e+01
   5.4900000e+01
   5.5050000e+01
   5.5200000e+01
   5.5350000e+01
   5.5500000e+01
   5.5650000e+01
   5.5800000e+01
   5.5950000e+01
   5.6100000e+01
   5.6250000e+01
   5.6400000e+01
   5.6550000e+01
   5.6700000e+01
   5.6850000e+01
   5.7000000e+01
   5.7150000e+01
   5.7300000e+01
   5.7450000e+01
   5.7600000e+01
   5.7750000e+01
   5.7900000e+01
   5.8050000e+01
   5.8200000e+01
   5.8350000e+01
   5.8500000e+01
   5.8650000e+01
   5.8800000e+01
   5.8950000e+01
   5.9100000e+01
   5.9250000e+01
   5.9400000e+01
   5.9550000e+01
   5.9700000e+01
   5.9850000e+01
   6.0000000e+01
   6.0150000e+01
   6.0300000e+01
   6.0450000e+01
   6.0600000e+01
   6.0750000e+01
   6.0900000e+01
   6.1050000e+01
   6.1200000e+01
   6.1350000e+01
   6.1500000e+01
   6.1650000e+01
   6.1800000e+01
   6.1950000e+01
   6.2100000e+01
   6.2250000e+01
   6.2400000e+01
   6.2550000e+01
   6.2700000e+01
   6.2850000e+01
   6.3000000e+01
   6.3150000e+01
   6.3300000e+01
   6.3450000e+01
   6.3600000e+01
   6.3750000e+01
   6.3900000e+01
   6.4050000e+01
   6.4200000e+01
   6.4350000e+01
   6.4500000e+01
   6.4650000e+01
   6.4800000e+01
   6.4950000e+01
   6.5100000e+01
   6.5250000e+01
   6.5400000e+01
   6.5550000e+01
   6.5700000e+01
   6.5850000e+01
   6.6000000e+01
   6.6150000e+01
   6.6300000e+01
   6.6450000e+01
   6.6600000e+01
   6.6750000e+01
   6.6900000e+01
   6.7050000e+01
   6.7200000e+01
   6.7350000e+01
   6.7500000e+01
   6.7650000e+01
   6.7800000e+01
   6.7950000e+01
   6.8100000e+01
   6.8250000e+01
   6.8400000e+01
   6.8550000e+01
   6.8700000e+01
   6.8850000e+01
   6.9000000e+01
   6.9150000e+01
   6.9300000e+01
   6.9450000e+01
   6.9600000e+01
   6.9750000e+01
   6.9900000e+01
   7.0050000e+01
   7.0200000e+01
   7.0350000e+01
   7.0500000e+01
   7.0650000e+01
   7.0800000e+01
   7.0950000e+01
   7.1100000e+01
   7.1250000e+01
   7.1400000e+01
   7.1550000e+01
   7.1700000e+01
   7.1850000e+01
   7.2000000e+01
   7.2150000e+01
   7.2300000e+01
   7.2450000e+01
   7.2600000e+01
   7.2750000e+01
   7.2900000e+01
   7.3050000e+01
   7.3200000e+01
   7.3350000e+01
   7.3500000e+01
   7.3650000e+01
   7.3800000e+01
   7.3950000e+01
   7.4100000e+01
   7.4250000e+01
   7.4400000e+01
   7.4550000e+01
   7.4700000e+01
   7.4850000e+01
   7.5000000e+01
   1.4142136e+00
   1.4601042e+00
   1.5044049e+00
   1.5470674e+00
   1.5880454e+00
   1.6272941e+00
   1.6647709e+00
   1.7004348e+00
   1.7342472e+00
   1.7661712e+00
   1.7961720e+00
   1.8242169e+00
   1.8502754e+00
   1.8743192e+00
   1.8963220e+00
   1.9162599e+00
   1.9341112e+00
   1.9498564e+00
   1.9634784e+00
   1.9749624e+00
   1.9842959e+00
   1.9914687e+00
   1.9964729e+00
   1.9993032e+00
   1.9999564e+00
   1.9984319e+00
   1.9947313e+00
   1.9888586e+00
   1.9808203e+00
   1.9706250e+00
   1.9582839e+00
   1.9438105e+00
   1.9272204e+00
   1.9085318e+00
   1.8877649e+00
   1.8649425e+00
   1.8400893e+00
   1.8132325e+00
   1.7844013e+00
   1.7536269e+00
   1.7209431e+00
   1.6863854e+00
   1.6499913e+00
   1.6118005e+00
   1.5718547e+00
   1.5301973e+00
   1.4868736e+00
   1.4419309e+00
   1.3954180e+00
   1.3473857e+00
   1.2978862e+00
   1.2469734e+00
   1.1947029e+00
   1.1411314e+00
   1.0863173e+00
   1.0303203e+00
   9.7320141e-01
   9.1502279e-01
   8.5584781e-01
   7.9574090e-01
   7.3476750e-01
   6.7299401e-01
   6.1048770e-01
   5.4731663e-01
   4.8354958e-01
   4.1925600e-01
   3.5450589e-01
   2.8936975e-01
   2.2391852e-01
   1.5822347e-01
   9.2356125e-02
   2.6388215e-02
  -3.9608430e-02
  -1.0556195e-01
  -1.7140051e-01
  -2.3705244e-01
  -3.0244625e-01
  -3.6751072e-01
  -4.3217500e-01
  -4.9636869e-01
  -5.6002189e-01
  -6.2306528e-01
  -6.8543020e-01
  -7.4704877e-01
  -8.0785387e-01
  -8.6777930e-01
  -9.2675980e-01
  -9.8473115e-01
  -1.0416302e+00
  -1.0973951e+00
  -1.1519650e+00
  -1.2052805e+00
  -1.2572836e+00
  -1.3079176e+00
  -1.3571274e+00
  -1.4048595e+00
  -1.4510618e+00
  -1.4956840e+00
  -1.5386776e+00
  -1.5799957e+00
  -1.6195934e+00
  -1.6574275e+00
  -1.6934568e+00
  -1.7276421e+00
  -1.7599461e+00
  -1.7903338e+00
  -1.8187720e+00
  -1.8452297e+00
  -1.8696781e+00
  -1.8920906e+00
  -1.9124429e+00
  -1.9307126e+00
  -1.9468801e+00
  -1.9609275e+00
  -1.9728397e+00
  -1.9826037e+00
  -1.9902088e+00
  -1.9956468e+00
  -1.9989117e+00
  -2.0000000e+00
  -1.9989105e+00
  -1.9956444e+00
  -1.9902052e+00
  -1.9825989e+00
  -1.9728337e+00
  -1.9609203e+00
  -1.9468717e+00
  -1.9307031e+00
  -1.9124321e+00
  -1.8920787e+00
  -1.8696651e+00
  -1.8452155e+00
  -1.8187567e+00
  -1.7903174e+00
  -1.7599287e+00
  -1.7276236e+00
  -1.6934372e+00
  -1.6574069e+00
  -1.6195718e+00
  -1.5799732e+00
  -1.5386541e+00
  -1.4956596e+00
  -1.4510365e+00
  -1.4048333e+00
  -1.3571004e+00
  -1.3078898e+00
  -1.2572550e+00
  -1.2052512e+00
  -1.1519349e+00
  -1.0973644e+00
  -1.0415989e+00
  -9.8469918e-01
  -9.2672725e-01
  -8.6774620e-01
  -8.0782027e-01
  -7.4701469e-01
  -6.8539570e-01
  -6.2303037e-01
  -5.5998663e-01
  -4.9633311e-01
  -4.3213914e-01
  -3.6747461e-01
  -3.0240994e-01
  -2.3701597e-01
  -1.7136392e-01
  -1.0552526e-01
  -3.9571705e-02
   2.6424944e-02
   9.2392818e-02
   1.5826009e-01
   2.2395502e-01
   2.8940610e-01
   3.5454204e-01
   4.1929191e-01
   4.8358522e-01
   5.4735196e-01
   6.1052268e-01
   6.7302860e-01
   7.3480166e-01
   7.9577460e-01
   8.5588101e-01
   9.1505546e-01
   9.7323350e-01
   1.0303518e+00
   1.0863481e+00
   1.1411615e+00
   1.1947323e+00
   1.2470022e+00
   1.2979142e+00
   1.3474128e+00
   1.3954443e+00
   1.4419563e+00
   1.4868982e+00
   1.5302209e+00
   1.5718774e+00
   1.6118223e+00
   1.6500120e+00
   1.6864051e+00
   1.7209618e+00
   1.7536446e+00
   1.7844178e+00
   1.8132480e+00
   1.8401037e+00
   1.8649558e+00
   1.8877771e+00
   1.9085427e+00
   1.9272302e+00
   1.9438191e+00
   1.9582914e+00
   1.9706313e+00
   1.9808253e+00
   1.9888625e+00
   1.9947340e+00
   1.9984334e+00
   1.9999567e+00
   1.9993022e+00
   1.9964707e+00
   1.9914653e+00
   1.9842913e+00
   1.9749566e+00
   1.9634715e+00
   1.9498482e+00
   1.9341018e+00
   1.9162494e+00
   1.8963103e+00
   1.8743064e+00
   1.8502615e+00
   1.8242018e+00
   1.7961558e+00
   1.7661539e+00
   1.7342289e+00
   1.7004155e+00
   1.6647505e+00
   1.6272727e+00
   1.5880230e+00
   1.5470441e+00
   1.5043807e+00
   1.4600791e+00
   1.4141876e+00
   1.3667562e+00
   1.3178365e+00
   1.2674819e+00
   1.2157471e+00
   1.1626885e+00
   1.1083638e+00
   1.0528322e+00
   9.9615416e-01
   9.3839143e-01
   8.7960688e-01
   8.1986453e-01
   7.5922942e-01
   6.9776759e-01
   6.3554596e-01
   5.7263229e-01
   5.0909507e-01
   4.4500350e-01
   3.8042736e-01
   3.1543698e-01
   2.5010312e-01
   1.8449692e-01
   1.1868982e-01
   5.2753476e-02
  -1.3240309e-02
  -7.9219675e-02
  -1.4511278e-01
  -2.1084787e-01
  -2.7635337e-01
  -3.4155795e-01
  -4.0639060e-01
  -4.7078074e-01
  -5.3465824e-01
  -5.9795355e-01
  -6.6059775e-01
  -7.2252262e-01
  -7.8366074e-01
  -8.4394553e-01
  -9.0331134e-01
  -9.6169354e-01
  -1.0190285e+00
  -1.0752539e+00
  -1.1303085e+00
  -1.1841322e+00
  -1.2366666e+00
  -1.2878543e+00
  -1.3376397e+00
  -1.3859685e+00
  -1.4327882e+00
  -1.4780477e+00
  -1.5216977e+00
  -1.5636908e+00
  -1.6039811e+00
  -1.6425249e+00
  -1.6792801e+00
  -1.7142068e+00
  -1.7472669e+00
  -1.7784243e+00
  -1.8076452e+00
  -1.8348978e+00
  -1.8601524e+00
  -1.8833814e+00
  -1.9045597e+00
  -1.9236640e+00
  -1.9406737e+00
  -1.9555701e+00
  -1.9683372e+00
  -1.9789609e+00
  -1.9874297e+00
  -1.9937344e+00
  -1.9978681e+00
  -1.9998264e+00
  -1.9996070e+00
  -1.9972103e+00
  -1.9926388e+00
  -1.9858975e+00
  -1.9769938e+00
  -1.9659373e+00
  -1.9527401e+00
  -1.9374165e+00
  -1.9199833e+00
  -1.9004595e+00
  -1.8788662e+00
  -1.8552270e+00
  -1.8295677e+00
  -1.8019161e+00
  -1.7723024e+00
  -1.7407589e+00
  -1.7073199e+00
  -1.6720217e+00
  -1.6349029e+00
  -1.5960039e+00
  -1.5553669e+00
  -1.5130363e+00
  -1.4690582e+00
  -1.4234804e+00
  -1.3763526e+00
  -1.3277260e+00
  -1.2776537e+00
  -1.2261902e+00
  -1.1733914e+00
  -1.1193150e+00
  -1.0640197e+00
  -1.0075658e+00
  -9.5001482e-01
  -8.9142932e-01
  -8.3187315e-01
  -7.7141115e-01
  -7.1010916e-01
  -6.4803393e-01
  -5.8525306e-01
  -5.2183490e-01
  -4.5784852e-01
  -3.9336358e-01
  -3.2845031e-01
  -2.6317939e-01
  -1.9762190e-01
  -1.3184921e-01
  -6.5932954e-02
   5.5098077e-05
   6.6043090e-02
   1.3195917e-01
   1.9773155e-01
   2.6328863e-01
   3.2855901e-01
   3.9347162e-01
   4.5795579e-01
   5.2194128e-01
   5.8535843e-01
   6.4813818e-01
   7.1021218e-01
   7.7151282e-01
   8.3197336e-01
   8.9152797e-01
   9.5011179e-01
   1.0076610e+00
   1.0641130e+00
   1.1194063e+00
   1.1734807e+00
   1.2262772e+00
   1.2777385e+00
   1.3278084e+00
   1.3764325e+00
   1.4235578e+00
   1.4691330e+00
   1.5131084e+00
   1.5554362e+00
   1.5960703e+00
   1.6349664e+00
   1.6720822e+00
   1.7073773e+00
   1.7408132e+00
   1.7723535e+00
   1.8019639e+00
   1.8296122e+00
   1.8552682e+00
   1.8789039e+00
   1.9004938e+00
   1.9200142e+00
   1.9374439e+00
   1.9527639e+00
   1.9659575e+00
   1.9770104e+00
   1.9859106e+00
   1.9926482e+00
   1.9972161e+00
   1.9996092e+00
   1.9998249e+00
   1.9978631e+00
   1.9937257e+00
   1.9874174e+00
   1.9789449e+00
   1.9683176e+00
   1.9555470e+00
   1.9406470e+00
   1.9236338e+00
   1.9045260e+00
   1.8833443e+00
   1.8601119e+00
   1.8348540e+00
   1.8075981e+00
   1.7783739e+00
   1.7472132e+00
   1.7141500e+00
   1.6792203e+00
   1.6424620e+00
   1.6039153e+00
   1.5636221e+00
   1.5216262e+00
   1.4779734e+00
   1.4327113e+00
   1.3858891e+00
   1.3375578e+00
   1.2877700e+00
   1.2365800e+00
   1.1840434e+00
   1.1302176e+00
   1.0751610e+00
   1.0189337e+00
   9.6159692e-01
   9.0321302e-01
   8.4384562e-01
   7.8355935e-01
   7.2241987e-01
   6.6049373e-01
   5.9784839e-01
   5.3455205e-01
   4.7067364e-01
   4.0628270e-01
   3.4144937e-01
   2.7624423e-01
   2.1073829e-01
   1.4500287e-01
   7.9109566e-02
   1.3130115e-02
  -5.2863634e-02
  -1.1879982e-01
  -1.8460664e-01
  -2.5021245e-01
  -3.1554580e-01
  -3.8053555e-01
  -4.4511093e-01
  -5.0920164e-01
  -5.7273787e-01
  -6.3565045e-01
  -6.9787086e-01
  -7.5933137e-01
  -8.1996504e-01
  -8.7970584e-01
  -9.3848874e-01
  -9.9624971e-01
  -1.0529259e+00
  -1.1084555e+00
  -1.1627781e+00
  -1.2158346e+00
  -1.2675671e+00
  -1.3179194e+00
  -1.3668366e+00
  -1.4142655e+00
  -1.4601544e+00
  -1.5044533e+00
  -1.5471140e+00
  -1.5880900e+00
  -1.6273368e+00
  -1.6648116e+00
  -1.7004735e+00
  -1.7342838e+00
  -1.7662057e+00
  -1.7962043e+00
  -1.8242470e+00
  -1.8503033e+00
  -1.8743448e+00
  -1.8963453e+00
  -1.9162809e+00
  -1.9341299e+00
  -1.9498728e+00
  -1.9634924e+00
  -1.9749740e+00
  -1.9843051e+00
  -1.9914754e+00
  -1.9964773e+00
  -1.9993051e+00
  -1.9999559e+00
  -1.4142136e+00
  -1.3667830e+00
  -1.3178642e+00
  -1.2675103e+00
  -1.2157763e+00
  -1.1627183e+00
  -1.1083943e+00
  -1.0528634e+00
  -9.9618601e-01
  -9.3842386e-01
  -8.7963987e-01
  -8.1989803e-01
  -7.5926340e-01
  -6.9780202e-01
  -6.3558079e-01
  -5.7266748e-01
  -5.0913059e-01
  -4.4503931e-01
  -3.8046342e-01
  -3.1547325e-01
  -2.5013956e-01
  -1.8453349e-01
  -1.1872648e-01
  -5.2790195e-02
   1.3203577e-02
   7.9182972e-02
   1.4507614e-01
   2.1081134e-01
   2.7631699e-01
   3.4152175e-01
   4.0635464e-01
   4.7074504e-01
   5.3462284e-01
   5.9791850e-01
   6.6056308e-01
   7.2248837e-01
   7.8362694e-01
   8.4391223e-01
   9.0327857e-01
   9.6166133e-01
   1.0189969e+00
   1.0752230e+00
   1.1302782e+00
   1.1841026e+00
   1.2366377e+00
   1.2878262e+00
   1.3376124e+00
   1.3859421e+00
   1.4327626e+00
   1.4780229e+00
   1.5216739e+00
   1.5636679e+00
   1.6039592e+00
   1.6425040e+00
   1.6792602e+00
   1.7141879e+00
   1.7472490e+00
   1.7784075e+00
   1.8076295e+00
   1.8348832e+00
   1.8601389e+00
   1.8833691e+00
   1.9045484e+00
   1.9236539e+00
   1.9406648e+00
   1.9555624e+00
   1.9683307e+00
   1.9789556e+00
   1.9874256e+00
   1.9937315e+00
   1.9978664e+00
   1.9998259e+00
   1.9996078e+00
   1.9972122e+00
   1.9926419e+00
   1.9859018e+00
   1.9769993e+00
   1.9659440e+00
   1.9527480e+00
   1.9374256e+00
   1.9199936e+00
   1.9004709e+00
   1.8788788e+00
   1.8552407e+00
   1.8295825e+00
   1.8019320e+00
   1.7723195e+00
   1.7407770e+00
   1.7073390e+00
   1.6720419e+00
   1.6349241e+00
   1.5960260e+00
   1.5553900e+00
   1.5130603e+00
   1.4690831e+00
   1.4235062e+00
   1.3763792e+00
   1.3277535e+00
   1.2776820e+00
   1.2262192e+00
   1.1734212e+00
   1.1193454e+00
   1.0640508e+00
   1.0075976e+00
   9.5004714e-01
   8.9146221e-01
   8.3190656e-01
   7.7144504e-01
   7.1014350e-01
   6.4806868e-01
   5.8528818e-01
   5.2187036e-01
   4.5788427e-01
   3.9339960e-01
   3.2848655e-01
   2.6321581e-01
   1.9765845e-01
   1.3188586e-01
   6.5969666e-02
  -1.8366026e-05
  -6.6006378e-02
  -1.3192251e-01
  -1.9769500e-01
  -2.6325222e-01
  -3.2852278e-01
  -3.9343561e-01
  -4.5792003e-01
  -5.2190582e-01
  -5.8532331e-01
  -6.4810343e-01
  -7.1017784e-01
  -7.7147893e-01
  -8.3193996e-01
  -8.9149509e-01
  -9.5007946e-01
  -1.0076293e+00
  -1.0640819e+00
  -1.1193759e+00
  -1.1734509e+00
  -1.2262482e+00
  -1.2777102e+00
  -1.3277810e+00
  -1.3764059e+00
  -1.4235320e+00
  -1.4691080e+00
  -1.5130844e+00
  -1.5554131e+00
  -1.5960481e+00
  -1.6349452e+00
  -1.6720620e+00
  -1.7073581e+00
  -1.7407951e+00
  -1.7723365e+00
  -1.8019480e+00
  -1.8295973e+00
  -1.8552544e+00
  -1.8788914e+00
  -1.9004823e+00
  -1.9200039e+00
  -1.9374348e+00
  -1.9527559e+00
  -1.9659508e+00
  -1.9770049e+00
  -1.9859062e+00
  -1.9926451e+00
  -1.9972142e+00
  -1.9996085e+00
  -1.9998254e+00
  -1.9978648e+00
  -1.9937286e+00
  -1.9874215e+00
  -1.9789503e+00
  -1.9683241e+00
  -1.9555547e+00
  -1.9406559e+00
  -1.9236439e+00
  -1.9045372e+00
  -1.8833567e+00
  -1.8601254e+00
  -1.8348686e+00
  -1.8076138e+00
  -1.7783907e+00
  -1.7472311e+00
  -1.7141690e+00
  -1.6792402e+00
  -1.6424830e+00
  -1.6039372e+00
  -1.5636450e+00
  -1.5216500e+00
  -1.4779982e+00
  -1.4327369e+00
  -1.3859156e+00
  -1.3375851e+00
  -1.2877981e+00
  -1.2366088e+00
  -1.1840730e+00
  -1.1302479e+00
  -1.0751920e+00
  -1.0189653e+00
  -9.6162913e-01
  -9.0324580e-01
  -8.4387892e-01
  -7.8359315e-01
  -7.2245412e-01
  -6.6052841e-01
  -5.9788344e-01
  -5.3458745e-01
  -4.7070934e-01
  -4.0631867e-01
  -3.4148556e-01
  -2.7628061e-01
  -2.1077482e-01
  -1.4503951e-01
  -7.9146269e-02
  -1.3166846e-02
   5.2826914e-02
   1.1876315e-01
   1.8457007e-01
   2.5017600e-01
   3.1550952e-01
   3.8049949e-01
   4.4507512e-01
   5.0916611e-01
   5.7270267e-01
   6.3561562e-01
   6.9783644e-01
   7.5929739e-01
   8.1993153e-01
   8.7967286e-01
   9.3845630e-01
   9.9621786e-01
   1.0528946e+00
   1.1084249e+00
   1.1627482e+00
   1.2158054e+00
   1.2675387e+00
   1.3178918e+00
   1.3668098e+00
   1.4142395e+00
   1.4601293e+00
   1.5044291e+00
   1.5470907e+00
   1.5880677e+00
   1.6273154e+00
   1.6647912e+00
   1.7004542e+00
   1.7342655e+00
   1.7661884e+00
   1.7961881e+00
   1.8242319e+00
   1.8502894e+00
   1.8743320e+00
   1.8963337e+00
   1.9162704e+00
   1.9341205e+00
   1.9498646e+00
   1.9634854e+00
   1.9749682e+00
   1.9843005e+00
   1.9914720e+00
   1.9964751e+00
   1.9993041e+00
   1.9999562e+00
   1.9984304e+00
   1.9947286e+00
   1.9888547e+00
   1.9808152e+00
   1.9706187e+00
   1.9582765e+00
   1.9438018e+00
   1.9272106e+00
   1.9085208e+00
   1.8877528e+00
   1.8649292e+00
   1.8400750e+00
   1.8132170e+00
   1.7843847e+00
   1.7536093e+00
   1.7209244e+00
   1.6863656e+00
   1.6499705e+00
   1.6117788e+00
   1.5718320e+00
   1.5301736e+00
   1.4868490e+00
   1.4419054e+00
   1.3953917e+00
   1.3473586e+00
   1.2978583e+00
   1.2469447e+00
   1.1946734e+00
   1.1411012e+00
   1.0862864e+00
   1.0302888e+00
   9.7316932e-01
   9.1499013e-01
   8.5581461e-01
   7.9570720e-01
   7.3473334e-01
   6.7295942e-01
   6.1045272e-01
   5.4728130e-01
   4.8351394e-01
   4.1922008e-01
   3.5446974e-01
   2.8933341e-01
   2.2388202e-01
   1.5818685e-01
   9.2319432e-02
   2.6351486e-02
  -3.9645155e-02
  -1.0559863e-01
  -1.7143711e-01
  -2.3708892e-01
  -3.0248256e-01
  -3.6754682e-01
  -4.3221087e-01
  -4.9640428e-01
  -5.6005715e-01
  -6.2310018e-01
  -6.8546471e-01
  -7.4708284e-01
  -8.0788747e-01
  -8.6781239e-01
  -9.2679235e-01
  -9.8476312e-01
  -1.0416616e+00
  -1.0974258e+00
  -1.1519950e+00
  -1.2053098e+00
  -1.2573121e+00
  -1.3079454e+00
  -1.3571544e+00
  -1.4048856e+00
  -1.4510871e+00
  -1.4957084e+00
  -1.5387011e+00
  -1.5800182e+00
  -1.6196149e+00
  -1.6574480e+00
  -1.6934763e+00
  -1.7276606e+00
  -1.7599636e+00
  -1.7903502e+00
  -1.8187872e+00
  -1.8452438e+00
  -1.8696911e+00
  -1.8921025e+00
  -1.9124536e+00
  -1.9307222e+00
  -1.9468885e+00
  -1.9609347e+00
  -1.9728458e+00
  -1.9826085e+00
  -1.9902124e+00
  -1.9956492e+00
  -1.9989129e+00
  -2.0000000e+00
  -1.9989093e+00
  -1.9956419e+00
  -1.9902016e+00
  -1.9825940e+00
  -1.9728277e+00
  -1.9609131e+00
  -1.9468632e+00
  -1.9306935e+00
  -1.9124214e+00
  -1.8920668e+00
  -1.8696520e+00
  -1.8452013e+00
  -1.8187414e+00
  -1.7903011e+00
  -1.7599112e+00
  -1.7276051e+00
  -1.6934177e+00
  -1.6573863e+00
  -1.6195503e+00
  -1.5799507e+00
  -1.5386307e+00
  -1.4956352e+00
  -1.4510112e+00
  -1.4048072e+00
  -1.3570735e+00
  -1.3078620e+00
  -1.2572264e+00
  -1.2052219e+00
  -1.1519049e+00
  -1.0973337e+00
  -1.0415675e+00
  -9.8466721e-01
  -9.2669470e-01
  -8.6771311e-01
  -8.0778666e-01
  -7.4698062e-01
  -6.8536119e-01
  -6.2299547e-01
  -5.5995136e-01
  -4.9629753e-01
  -4.3210328e-01
  -3.6743850e-01
  -3.0237363e-01
  -2.3697950e-01
  -1.7132732e-01
  -1.0548858e-01
  -3.9534980e-02
   2.6461672e-02
   9.2429511e-02
   1.5829670e-01
   2.2399153e-01
   2.8944244e-01
   3.5457819e-01
   4.1932783e-01
   4.8362087e-01
   5.4738729e-01
   6.1055766e-01
   6.7306319e-01
   7.3483583e-01
   7.9580830e-01
   8.5591421e-01
   9.1508812e-01
   9.7326559e-01
   1.0303833e+00
   1.0863790e+00
   1.1411917e+00
   1.1947618e+00
   1.2470309e+00
   1.2979421e+00
   1.3474400e+00
   1.3954706e+00
   1.4419818e+00
   1.4869227e+00
   1.5302446e+00
   1.5719001e+00
   1.6118440e+00
   1.6500328e+00
   1.6864249e+00
   1.7209806e+00
   1.7536623e+00
   1.7844344e+00
   1.8132635e+00
   1.8401181e+00
   1.8649690e+00
   1.8877892e+00
   1.9085537e+00
   1.9272400e+00
   1.9438278e+00
   1.9582988e+00
   1.9706375e+00
   1.9808304e+00
   1.9888664e+00
   1.9947366e+00
   1.9984348e+00
   1.9999569e+00
   1.9993012e+00
   1.9964685e+00
   1.9914619e+00
   1.9842867e+00
   1.9749508e+00
   1.9634645e+00
   1.9498401e+00
   1.9340925e+00
   1.9162389e+00
   1.8962986e+00
   1.8742935e+00
   1.8502475e+00
   1.8241868e+00
   1.7961396e+00
   1.7661367e+00
   1.7342106e+00
   1.7003962e+00
   1.6647301e+00
   1.6272514e+00
   1.5880007e+00
   1.5470209e+00
   1.5043565e+00
   1.4600540e+00
   1.4141616e+00
   1.3667294e+00
   1.3178089e+00
   1.2674535e+00
   1.2157179e+00
   1.1626586e+00
   1.1083332e+00
   1.0528009e+00
   9.9612231e-01
   9.3835899e-01
   8.7957389e-01
   8.1983102e-01
   7.5919544e-01
   6.9773317e-01
   6.3551113e-01
   5.7259709e-01
   5.0905955e-01
   4.4496769e-01
   3.8039130e-01
   3.1540071e-01
   2.5006667e-01
   1.8446034e-01
   1.1865315e-01
   5.2716756e-02
  -1.3277040e-02
   3.5433531e+00
   3.4614587e+00
   3.3598820e+00
   3.2424190e+00
   3.1132074e+00
   2.9765697e+00
   2.8368508e+00
   2.6982577e+00
   2.5647075e+00
   2.4396893e+00
   2.3261455e+00
   2.2263767e+00
   2.1419744e+00
   2.0737836e+00
   2.0218963e+00
   1.9856756e+00
   1.9638113e+00
   1.9544006e+00
   1.9550548e+00
   1.9630234e+00
   1.9753339e+00
   1.9889385e+00
   2.0008635e+00
   2.0083542e+00
   2.0090101e+00
   2.0009032e+00
   1.9826768e+00
   1.9536181e+00
   1.9137034e+00
   1.8636132e+00
   1.8047166e+00
   1.7390250e+00
   1.6691178e+00
   1.5980423e+00
   1.5291920e+00
   1.4661679e+00
   1.4126290e+00
   1.3721372e+00
   1.3480038e+00
   1.3431425e+00
   1.3599364e+00
   1.4001238e+00
   1.4647070e+00
   1.5538890e+00
   1.6670403e+00
   1.8026969e+00
   1.9585912e+00
   2.1317135e+00
   2.3184021e+00
   2.5144604e+00
   2.7152936e+00
   2.9160625e+00
   3.1118480e+00
   3.2978181e+00
   3.4693945e+00
   3.6224088e+00
   3.7532451e+00
   3.8589619e+00
   3.9373895e+00
   3.9871988e+00
   4.0079391e+00
   4.0000439e+00
   3.9648031e+00
   3.9043058e+00
   3.8213518e+00
   3.7193402e+00
   3.6021350e+00
   3.4739166e+00
   3.3390225e+00
   3.2017856e+00
   3.0663747e+00
   2.9366442e+00
   2.8159991e+00
   2.7072799e+00
   2.6126720e+00
   2.5336434e+00
   2.4709121e+00
   2.4244451e+00
   2.3934878e+00
   2.3766241e+00
   2.3718617e+00
   2.3767418e+00
   2.3884669e+00
   2.4040414e+00
   2.4204197e+00
   2.4346551e+00
   2.4440436e+00
   2.4462564e+00
   2.4394555e+00
   2.4223882e+00
   2.3944553e+00
   2.3557515e+00
   2.3070752e+00
   2.2499075e+00
   2.1863616e+00
   2.1191032e+00
   2.0512470e+00
   1.9862315e+00
   1.9276785e+00
   1.8792416e+00
   1.8444514e+00
   1.8265623e+00
   1.8284078e+00
   1.8522702e+00
   1.8997699e+00
   1.9717785e+00
   2.0683608e+00
   2.1887461e+00
   2.3313326e+00
   2.4937229e+00
   2.6727907e+00
   2.8647759e+00
   3.0654048e+00
   3.2700306e+00
   3.4737892e+00
   3.6717644e+00
   3.8591559e+00
   4.0314435e+00
   4.1845426e+00
   4.3149429e+00
   4.4198267e+00
   4.4971618e+00
   4.5457652e+00
   4.5653358e+00
   4.5564536e+00
   4.5205483e+00
   4.4598353e+00
   4.3772240e+00
   4.2762015e+00
   4.1606961e+00
   4.0349259e+00
   3.9032393e+00
   3.7699528e+00
   3.6391924e+00
   3.5147463e+00
   3.3999321e+00
   3.2974860e+00
   3.2094764e+00
   3.1372469e+00
   3.0813886e+00
   3.0417443e+00
   3.0174438e+00
   3.0069672e+00
   3.0082359e+00
   3.0187251e+00
   3.0355938e+00
   3.0558279e+00
   3.0763883e+00
   3.0943594e+00
   3.1070916e+00
   3.1123313e+00
   3.1083332e+00
   3.0939505e+00
   3.0686990e+00
   3.0327921e+00
   2.9871453e+00
   2.9333508e+00
   2.8736210e+00
   2.8107052e+00
   2.7477821e+00
   2.6883314e+00
   2.6359912e+00
   2.5944054e+00
   2.5670689e+00
   2.5571755e+00
   2.5674749e+00
   2.6001454e+00
   2.6566870e+00
   2.7378392e+00
   2.8435275e+00
   2.9728408e+00
   3.1240402e+00
   3.2946005e+00
   3.4812816e+00
   3.6802285e+00
   3.8870944e+00
   4.0971851e+00
   4.3056164e+00
   4.5074798e+00
   4.6980112e+00
   4.8727535e+00
   5.0277094e+00
   5.1594779e+00
   5.2653678e+00
   5.3434863e+00
   5.3927976e+00
   5.4131498e+00
   5.4052693e+00
   5.3707233e+00
   5.3118513e+00
   5.2316689e+00
   5.1337476e+00
   5.0220756e+00
   4.9009045e+00
   4.7745889e+00
   4.6474243e+00
   4.5234903e+00
   4.4065049e+00
   4.2996954e+00
   4.2056911e+00
   4.1264422e+00
   4.0631671e+00
   4.0163300e+00
   3.9856512e+00
   3.9701459e+00
   3.9681937e+00
   3.9776330e+00
   3.9958763e+00
   4.0200439e+00
   4.0471070e+00
   4.0740375e+00
   4.0979550e+00
   4.1162682e+00
   4.1268019e+00
   4.1279061e+00
   4.1185420e+00
   4.0983414e+00
   4.0676366e+00
   4.0274598e+00
   3.9795123e+00
   3.9261039e+00
   3.8700646e+00
   3.8146332e+00
   3.7633268e+00
   3.7197956e+00
   3.6876696e+00
   3.6704040e+00
   3.6711277e+00
   3.6925031e+00
   3.7366017e+00
   3.8048009e+00
   3.8977066e+00
   4.0151047e+00
   4.1559437e+00
   4.3183492e+00
   4.4996703e+00
   4.6965561e+00
   4.9050600e+00
   5.1207667e+00
   5.3389390e+00
   5.5546772e+00
   5.7630860e+00
   5.9594417e+00
   6.1393548e+00
   6.2989197e+00
   6.4348476e+00
   6.5445766e+00
   6.6263553e+00
   6.6792957e+00
   6.7033952e+00
   6.6995256e+00
   6.6693899e+00
   6.6154490e+00
   6.5408214e+00
   6.4491592e+00
   6.3445064e+00
   6.2311436e+00
   6.1134271e+00
   5.9956274e+00
   5.8817733e+00
   5.7755092e+00
   5.6799692e+00
   5.5976738e+00
   5.5304532e+00
   5.4794003e+00
   5.4448531e+00
   5.4264101e+00
   5.4229745e+00
   5.4328282e+00
   5.4537296e+00
   5.4830329e+00
   5.5178236e+00
   5.5550630e+00
   5.5917378e+00
   5.6250073e+00
   5.6523422e+00
   5.6716489e+00
   5.6813754e+00
   5.6805927e+00
   5.6690495e+00
   5.6471971e+00
   5.6161838e+00
   5.5778187e+00
   5.5345063e+00
   5.4891542e+00
   5.4450582e+00
   5.4057687e+00
   5.3749436e+00
   5.3561951e+00
   5.3529342e+00
   5.3682213e+00
   5.4046282e+00
   5.4641168e+00
   5.5479398e+00
   5.6565684e+00
   5.7896485e+00
   5.9459889e+00
   6.1235811e+00
   6.3196508e+00
   6.5307395e+00
   6.7528129e+00
   6.9813914e+00
   7.2116995e+00
   7.4388272e+00
   7.6578968e+00
   7.8642303e+00
   8.0535100e+00
   8.2219258e+00
   8.3663049e+00
   8.4842170e+00
   8.5740535e+00
   8.6350754e+00
   8.6674293e+00
   8.6721311e+00
   8.6510178e+00
   8.6066692e+00
   8.5423034e+00
   8.4616494e+00
   8.3688023e+00
   8.2680678e+00
   8.1637993e+00
   8.0602380e+00
   7.9613584e+00
   7.8707278e+00
   7.7913843e+00
   7.7257376e+00
   7.6754971e+00
   7.6416296e+00
   7.6243476e+00
   7.6231293e+00
   7.6367684e+00
   7.6634518e+00
   7.7008618e+00
   7.7462983e+00
   7.7968161e+00
   7.8493711e+00
   7.9009696e+00
   7.9488146e+00
   7.9904423e+00
   8.0238441e+00
   8.0475686e+00
   8.0607983e+00
   8.0633999e+00
   8.0559438e+00
   8.0396934e+00
   8.0165642e+00
   7.9890528e+00
   7.9601417e+00
   7.9331799e+00
   7.9117471e+00
   7.8995052e+00
   7.9000441e+00
   7.9167267e+00
   7.9525415e+00
   8.0099662e+00
   8.0908505e+00
   8.1963210e+00
   8.3267129e+00
   8.4815323e+00
   8.6594488e+00
   8.8583217e+00
   9.0752559e+00
   9.3066887e+00
   9.5485018e+00
   9.7961562e+00
   1.0044843e+01
   1.0289646e+01
   1.0525711e+01
   1.0748411e+01
   1.0953504e+01
   1.1137279e+01
   1.1296682e+01
   1.1429419e+01
   1.1534024e+01
   1.1609908e+01
   1.1657366e+01
   1.1677559e+01
   1.1672455e+01
   1.1644750e+01
   1.1597758e+01
   1.1535281e+01
   1.1461462e+01
   1.1380627e+01
   1.1297122e+01
   1.1215156e+01
   1.1138644e+01
   1.1071074e+01
   1.1015385e+01
   1.0973875e+01
   1.0948131e+01
   1.0938994e+01
   1.0946552e+01
   1.0970165e+01
   1.1008518e+01
   1.1059709e+01
   1.1121345e+01
   1.1190678e+01
   1.1264736e+01
   1.1340474e+01
   1.1414923e+01
   1.1485332e+01
   1.1549309e+01
   1.1604932e+01
   1.1650853e+01
   1.1686368e+01
   1.1711463e+01
   1.1726826e+01
   1.1733837e+01
   1.1734515e+01
   1.1731447e+01
   1.1727686e+01
   1.1726632e+01
   1.1731891e+01
   1.1747122e+01
   1.1775891e+01
   1.1821509e+01
   1.1886888e+01
   1.1974409e+01
   1.2085808e+01
   1.2222083e+01
   1.2383432e+01
   1.2569223e+01
   1.2777987e+01
   1.3007453e+01
   1.3254608e+01
   1.3515789e+01
   1.3786798e+01
   1.4063040e+01
   1.4339679e+01
   1.4611798e+01
   1.4874571e+01
   1.5123426e+01
   1.5354202e+01
   1.5563291e+01
   1.5747764e+01
   1.5905460e+01
   1.6035061e+01
   1.6136130e+01
   1.6209109e+01
   1.6255300e+01
   1.6276804e+01
   1.6276428e+01
   1.6257580e+01
   1.6224133e+01
   1.6180271e+01
   1.6130337e+01
   1.6078667e+01
   1.6029431e+01
   1.5986484e+01
   1.5953230e+01
   1.5932508e+01
   1.5926502e+01
   1.5936677e+01
   1.5963748e+01
   1.6007679e+01
   1.6067713e+01
   1.6142434e+01
   1.6229848e+01
   1.6327497e+01
   1.6432585e+01
   1.6542119e+01
   1.6653059e+01
   1.6762463e+01
   1.6867634e+01
   1.6966253e+01
   1.7056489e+01
   1.7137100e+01
   1.7207497e+01
   1.7267785e+01
   1.7318774e+01
   1.7361955e+01
   1.7399451e+01
   1.7433936e+01
   1.7468534e+01
   1.7506689e+01
   1.7552029e+01
   1.7608212e+01
   1.7678770e+01
   1.7766961e+01
   1.7875618e+01
   1.8007022e+01
   1.8162793e+01
   1.8343800e+01
   1.8550104e+01
   1.8780934e+01
   1.9034684e+01
   1.9308956e+01
   1.9600622e+01
   1.9905922e+01
   2.0220582e+01
   2.0539960e+01
   2.0859194e+01
   2.1173374e+01
   2.1477706e+01
   2.1767679e+01
   2.2039218e+01
   2.2288824e+01
   2.2513690e+01
   2.2711797e+01
   2.2881975e+01
   2.3023937e+01
