      0.05         0.9997168300946980000000000         0.9997711384309490000000000         0.9998317747725230000000000         0.9998640377365700000000000             0.49990        -0.0113278362973790000000000        -0.0091556215753009400000000
      0.10         0.9988669644029110000000000         0.9990842447178810000000000         0.9992427674145440000000000         0.9993879744493830000000000             0.49955        -0.0226704781837262000000000        -0.0183231127531110000000000
      0.15         0.9974492473151330000000000         0.9979384664408800000000000         0.9982321815063100000000000         0.9985712155979830000000000             0.49895        -0.0340445565986250000000000        -0.0275128433510217000000000
      0.20         0.9954616881621470000000000         0.9963324306742010000000000         0.9967986010732100000000000         0.9974127804162980000000000             0.49809        -0.0454668565139039000000000        -0.0367352707392316000000000
      0.25         0.9929014513746790000000000         0.9942642386438390000000000         0.9949399835967960000000000         0.9959112980885350000000000             0.49698        -0.0569544027076892000000000        -0.0460009785297207000000000
      0.30         0.9897648423124450000000000         0.9917314584379530000000000         0.9926536498164990000000000         0.9940650024809290000000000             0.49562        -0.0685245473151798000000000        -0.0553207157979671000000000
      0.35         0.9860472886576930000000000         0.9887311157410700000000000         0.9899362702465050000000000         0.9918717254080880000000000             0.49400        -0.0801950597934034000000000        -0.0647054369309786000000000
      0.40         0.9817433172372320000000000         0.9852596825590710000000000         0.9867838483090590000000000         0.9893288884096530000000000             0.49212        -0.0919842199062114000000000        -0.0741663421639809000000000
      0.45         0.9768465261077220000000000         0.9813130638998970000000000         0.9831916999635900000000000         0.9864334930112860000000000             0.48997        -0.1039109142864670000000000        -0.0837149188221794000000000
      0.50         0.9713495517129750000000000         0.9768865823756710000000000         0.9791544296914230000000000         0.9831821094443090000000000             0.48756        -0.1159947370549000000000000        -0.0933629832190176000000000
      0.55         0.9652440309007940000000000         0.9719749606964580000000000         0.9746659026796910000000000         0.9795708638013640000000000             0.48488        -0.1282560948551910000000000        -0.1031227230719300000000000
      0.60         0.9585205575731880000000000         0.9665723020358500000000000         0.9697192130371590000000000         0.9755954236123670000000000             0.48192        -0.1407163164820920000000000        -0.1130067401719540000000000
      0.65         0.9511686337413230000000000         0.9606720682657590000000000         0.9643066478719110000000000         0.9712509818371840000000000             0.47868        -0.1533977670043670000000000        -0.1230280928727200000000000
      0.70         0.9431766147710940000000000         0.9542670560851080000000000         0.9584196470700550000000000         0.9665322392908640000000000             0.47515        -0.1663239658749640000000000        -0.1332003377307590000000000
      0.75         0.9345316486447020000000000         0.9473493711080630000000000         0.9520487586417680000000000         0.9614333855464950000000000             0.47133        -0.1795197079161360000000000        -0.1435375693102360000000000
      0.80         0.9252196091400200000000000         0.9399104000371660000000000         0.9451835895544790000000000         0.9559480784034500000000000             0.46721        -0.1930111851792440000000000        -0.1540544567298310000000000
      0.85         0.9152250229600190000000000         0.9319407811319310000000000         0.9378127520650800000000000         0.9500694220699090000000000             0.46278        -0.2068261063793650000000000        -0.1647662749347620000000000
      0.90         0.9045309910540100000000000         0.9234303733036720000000000         0.9299238057116880000000000         0.9437899442947400000000000             0.45803        -0.2209938087060450000000000        -0.1756889278629460000000000
      0.95         0.8931191046973850000000000         0.9143682243353330000000000         0.9215031953565540000000000         0.9371015728044770000000000             0.45295        -0.2355453540372330000000000        -0.1868389595581110000000000
      1.00         0.8809693573903410000000000         0.9047425389588580000000000         0.9125361860234960000000000         0.9299956115690500000000000             0.44754        -0.2505135975239250000000000        -0.1982335477475480000000000
      1.05         0.8680600543771210000000000         0.8945406478469280000000000         0.9030067958016550000000000         0.9224627176528790000000000             0.44178        -0.2659332105562560000000000        -0.2098904722843620000000000
      1.10         0.8543677226921580000000000         0.8837489790253180000000000         0.8928977288755460000000000         0.9144928797308950000000000             0.43565        -0.2818406313459970000000000        -0.2218280479212780000000000
      1.15         0.8398670262815190000000000         0.8723530338352420000000000         0.8821903119129840000000000         0.9060753997966540000000000             0.42915        -0.2982739033653940000000000        -0.2340650068053520000000000
      1.20         0.8245306931881600000000000         0.8603373704401470000000000         0.8708644387832600000000000         0.8971988802111630000000000             0.42226        -0.3152723425215040000000000        -0.2466203103882970000000000
      1.25         0.8083294654230360000000000         0.8476855990753450000000000         0.8588985311694040000000000         0.8878512191055460000000000             0.41497        -0.3328759448956640000000000        -0.2595128624578920000000000
      1.30         0.7912320875758300000000000         0.8343803949192650000000000         0.8462695265103650000000000         0.8780196183570080000000000             0.40726        -0.3511244029431270000000000        -0.2727610837344950000000000
      1.35         0.7732053583829710000000000         0.8204035368187830000000000         0.8329529105249490000000000         0.8676906100466120000000000             0.39911        -0.3700555310165900000000000        -0.2863822925286150000000000
      1.40         0.7542142818241630000000000         0.8057359834105830000000000         0.8189228203633810000000000         0.8568501096813900000000000             0.39050        -0.3897027978328430000000000        -0.3003918132710210000000000
      1.45         0.7342223731600360000000000         0.7903580028522100000000000         0.8041522578332360000000000         0.8454835078132290000000000             0.38141        -0.4100915028689070000000000        -0.3148017023369560000000000
      1.50         0.7131922043160930000000000         0.7742493789964130000000000         0.7886134727475460000000000         0.8335758164321670000000000             0.37183        -0.4312328811156670000000000        -0.3296189342093420000000000
      1.55         0.6910863180630880000000000         0.7573897262537690000000000         0.7722786084174110000000000         0.8211118932560290000000000             0.36172        -0.4531150192815980000000000        -0.3448428245520600000000000
      1.60         0.6678687111415450000000000         0.7397589587984810000000000         0.7551207514417570000000000         0.8080767766466170000000000             0.35108        -0.4756888221758950000000000        -0.3604613716484640000000000
      1.65         0.6435071985742050000000000         0.7213379788871300000000000         0.7371156073494520000000000         0.7944561775801790000000000             0.33989        -0.4988462238486310000000000        -0.3764460624069150000000000
      1.70         0.6179771508591290000000000         0.7021096762347690000000000         0.7182441506414250000000000         0.7802371945825730000000000             0.32813        -0.5223861344189530000000000        -0.3927444994204400000000000
      1.75         0.5912673852694870000000000         0.6820603687298390000000000         0.6984968025378460000000000         0.7654093450570620000000000             0.31579        -0.5459608276541210000000000        -0.4092699464401820000000000
      1.80         0.5633894615603310000000000         0.6611818679915390000000000         0.6778800214114250000000000         0.7499660447206770000000000             0.30290        -0.5689909494068980000000000        -0.4258865532180300000000000
      1.85         0.5343923898142680000000000         0.6394744249253240000000000         0.6564267269263570000000000         0.7339067186300380000000000             0.28947        -0.5905301565187620000000000        -0.4423886270328120000000000
      1.90         0.5043859591685460000000000         0.6169509014187970000000000         0.6342128314025490000000000         0.7172397935472310000000000             0.27559        -0.6090497425595310000000000        -0.4584719643378260000000000
      1.95         0.4735777074355670000000000         0.5936426167755450000000000         0.6113834475586150000000000         0.6999868973429500000000000             0.26139        -0.6221003306367350000000000        -0.4736952184270650000000000
      2.00         0.4423309461146180000000000         0.5696074016012710000000000         0.5881940911132890000000000         0.6821886569566240000000000             0.24710        -0.6258003495437670000000000        -0.4874301954867520000000000
      2.05         0.4112532442676550000000000         0.5449403821819630000000000         0.5650737912997640000000000         0.6639124905576940000000000             0.23312        -0.6141342694240200000000000        -0.4988030615496830000000000
      2.10         0.3813220863680740000000000         0.5197877638549410000000000         0.5427156806855310000000000         0.6452626261205690000000000             0.22008        -0.5782246355298210000000000        -0.5066354414006350000000000
      2.15         0.3540341525029130000000000         0.4943631569756570000000000         0.5221876801028200000000000         0.6263920830777400000000000             0.20899        -0.5063160477616380000000000        -0.5094060985481530000000000
      2.20         0.3315000457556440000000000         0.4689646444476240000000000         0.5050123333551450000000000         0.6075153967506870000000000             0.20125        -0.3864089639126180000000000        -0.5052652920938910000000000
      2.25         0.3162821502544350000000000         0.4439892428498660000000000         0.4930756324799790000000000         0.5889196878888280000000000             0.19862        -0.2142372569315060000000000        -0.4921261442435880000000000
      2.30         0.3107152811321970000000000         0.4199413510265990000000000         0.4881655828688200000000000         0.5709714329997300000000000             0.20268        -0.0048235647832135200000000        -0.4678017341054220000000000
      2.35         0.3158214898407670000000000         0.3974355444065380000000000         0.4911740097772000000000000         0.5541187765588330000000000             0.21411         0.2058020455154300000000000        -0.4300716346599910000000000
      2.40         0.3306663925529380000000000         0.3771996120988150000000000         0.5015485668007880000000000         0.5388935442203750000000000             0.23210         0.3797388540505460000000000        -0.3766169505436300000000000
      2.45         0.3528640226276770000000000         0.3600780784490290000000000         0.5175859181913390000000000         0.5259143959695200000000000             0.25463         0.4989816418017980000000000        -0.3051660688324900000000000
      2.50         0.3796972985194330000000000         0.3470078214301690000000000         0.5372570397297730000000000         0.5158726920998520000000000             0.27932         0.5668685293855470000000000        -0.2145715865687060000000000
      2.55         0.4089065875511420000000000         0.3389122610409640000000000         0.5588361795956640000000000         0.5094615712726050000000000             0.30411         0.5963346896211810000000000        -0.1068781175258080000000000
      2.60         0.4389093509297210000000000         0.3364963829878520000000000         0.5810991870709220000000000         0.5072295457816680000000000             0.32748         0.6005312721388200000000000         0.0111287561236309000000000
      2.65         0.4687054440051720000000000         0.3400208481859200000000000         0.6032662025618980000000000         0.5094093939130740000000000             0.34856         0.5894044623448600000000000         0.1288665217443310000000000
      2.70         0.4977061164036670000000000         0.3491930881640880000000000         0.6248752725759490000000000         0.5158243331737480000000000             0.36696         0.5695674785006970000000000         0.2354671457215410000000000
      2.75         0.5255872384271510000000000         0.3632504075795870000000000         0.6456702499104270000000000         0.5259360104203580000000000             0.38270         0.5451437302036260000000000         0.3234508904788260000000000
      2.80         0.5521868116198240000000000         0.3811762237173890000000000         0.6655215228805120000000000         0.5389996581586220000000000             0.39602         0.5186162966052270000000000         0.3901452413856940000000000
      2.85         0.5774394126896270000000000         0.4019236298133600000000000         0.6843750226995070000000000         0.5542335688236420000000000             0.40726         0.4914465599113930000000000         0.4367309940353160000000000
      2.90         0.6013358867010730000000000         0.4245623597387780000000000         0.7022207926022340000000000         0.5709350934285380000000000             0.41675         0.4644748799837340000000000         0.4663964053496950000000000
      2.95         0.6238989728937230000000000         0.4483387464933400000000000         0.7190739621485080000000000         0.5885308194844410000000000             0.42481         0.4381677308813630000000000         0.4828276854676320000000000
      3.00         0.6451686609320060000000000         0.4726773380428160000000000         0.7349633118288890000000000         0.6065808750522660000000000             0.43167         0.4127674319219310000000000         0.4893840459315240000000000
      3.05         0.6651934285437510000000000         0.4971554868780980000000000         0.7499244273860060000000000         0.6247611861994860000000000             0.43754         0.3883825462441570000000000         0.4888000293122890000000000
      3.10         0.6840250326435400000000000         0.5214709997509920000000000         0.7639956267001250000000000         0.6428395191056050000000000             0.44258         0.3650425778051400000000000         0.4831699387731860000000000
      3.15         0.7017154538992950000000000         0.5454122982440620000000000         0.7772155663341180000000000         0.6606529661698140000000000             0.44689         0.3427311790072240000000000         0.4740435493762860000000000
      3.20         0.7183151502170500000000000         0.5688341823494930000000000         0.7896218687967340000000000         0.6780895023954650000000000             0.45058         0.3214063559200370000000000         0.4625454704785700000000000
      3.25         0.7338721066348520000000000         0.5916393426362890000000000         0.8012503708903710000000000         0.6950738541846350000000000             0.45371         0.3010127544068800000000000         0.4494826703990360000000000
      3.30         0.7484313685602890000000000         0.6137647161644460000000000         0.8121347491776450000000000         0.7115570461765870000000000             0.45636         0.2814890925471990000000000         0.4354302729456970000000000
      3.35         0.7620348659888790000000000         0.6351715899107110000000000         0.8223063727389350000000000         0.7275088102441860000000000             0.45855         0.2627726026039660000000000         0.4207961683026040000000000
      3.40         0.7747214099784670000000000         0.6558384825858750000000000         0.8317942907796760000000000         0.7429121227734820000000000             0.46034         0.2448016241808870000000000         0.4058682498431980000000000
      3.45         0.7865267879326390000000000         0.6757560417384180000000000         0.8406252979055810000000000         0.7577592879757260000000000             0.46175         0.2275170533706600000000000         0.3908484378775950000000000
      3.50         0.7974839122871540000000000         0.6949233871965840000000000         0.8488240417061680000000000         0.7720491314927800000000000             0.46280         0.2108630859356250000000000         0.3758770246593930000000000
      3.55         0.8076229946671820000000000         0.7133454882506970000000000         0.8564131508781850000000000         0.7857849877000770000000000             0.46352         0.1947875282720860000000000         0.3610500630869380000000000
      3.60         0.8169717285244100000000000         0.7310312794501200000000000         0.8634133706274990000000000         0.7989732540498370000000000             0.46393         0.1792418479056880000000000         0.3464318000479190000000000
      3.65         0.8255554701343410000000000         0.7479923051523160000000000         0.8698436974295860000000000         0.8116223512312960000000000             0.46403         0.1641810714611180000000000         0.3320635904180150000000000
      3.70         0.8333974121517220000000000         0.7642417437725160000000000         0.8757215085854930000000000         0.8237419746477070000000000             0.46385         0.1495635978788420000000000         0.3179703103149760000000000
      3.75         0.8405187466277750000000000         0.7797937057040290000000000         0.8810626841147260000000000         0.8353425557800990000000000             0.46339         0.1353509692262840000000000         0.3041649887315700000000000
      3.80         0.8469388160765960000000000         0.7946627292369170000000000         0.8858817198373870000000000         0.8464348753446920000000000             0.46266         0.1215076252982380000000000         0.2906521649744700000000000
      3.85         0.8526752522118020000000000         0.8088634202411560000000000         0.8901918313040880000000000         0.8570297866277900000000000             0.46168         0.1080006579224460000000000         0.2774303306918220000000000
      3.90         0.8577441025947540000000000         0.8224101965632030000000000         0.8940050487173090000000000         0.8671380190468600000000000             0.46044         0.0947995743523180000000000         0.2644937110924010000000000
      3.95         0.8621599457935860000000000         0.8353171088817840000000000         0.8973323032691810000000000         0.8767700402779140000000000             0.45895         0.0818760749957201000000000         0.2518335668583700000000000
      4.00         0.8659359958449540000000000         0.8475977174840700000000000         0.9001835054735150000000000         0.8859359612112150000000000             0.45722         0.0692038481423354000000000         0.2394391468042530000000000
      4.05         0.8690841969005730000000000         0.8592650099656980000000000         0.9025676161428260000000000         0.8946454722490630000000000             0.45524         0.0567583827656089000000000         0.2272983849718650000000000
      4.10         0.8716153089687810000000000         0.8703313488611620000000000         0.9044927106855790000000000         0.9029078025286390000000000             0.45304         0.0445167995374363000000000         0.2153984100250260000000000
      4.15         0.8735389856539970000000000         0.8808084411181610000000000         0.9059660373953780000000000         0.9107316958805760000000000             0.45060         0.0324576996779975000000000         0.2037259163692950000000000
      4.20         0.8748638447710860000000000         0.8907073234521800000000000         0.9069940703855450000000000         0.9181253989596670000000000             0.44793         0.0205610310234124000000000         0.1922674331868690000000000
      4.25         0.8755975326787370000000000         0.9000383591757170000000000         0.9075825577983600000000000         0.9250966581768740000000000             0.44503         0.0088079706364854200000000         0.1810095180261410000000000
      4.30         0.8757467831434260000000000         0.9088112432464210000000000         0.9077365658938150000000000         0.9316527229415120000000000             0.44191        -0.0028191766486618200000000         0.1699388946583640000000000
      4.35         0.8753174715185330000000000         0.9170350131313880000000000         0.9074605196021890000000000         0.9378003533747410000000000             0.43856        -0.0143370642052624000000000         0.1590425498658810000000000
      4.40         0.8743146650055460000000000         0.9247180637210830000000000         0.9067582401108090000000000         0.9435458311417640000000000             0.43499        -0.0257613743555395000000000         0.1483078001323240000000000
      4.45         0.8727426697588440000000000         0.9318681650037190000000000         0.9056329800503540000000000         0.9488949724146650000000000             0.43119        -0.0371068738419513000000000         0.1377223364926310000000000
      4.50         0.8706050756052070000000000         0.9384924815713910000000000         0.9040874568520210000000000         0.9538531422530170000000000             0.42716        -0.0483874536682493000000000         0.1272742538043430000000000
      4.55         0.8679047991764760000000000         0.9445975933038300000000000         0.9021238848657030000000000         0.9584252698986900000000000             0.42291        -0.0596161525663821000000000         0.1169520692311290000000000
      4.60         0.8646441263020230000000000         0.9501895167867460000000000         0.8997440068634910000000000         0.9626158646421310000000000             0.41844        -0.0708051628935340000000000         0.1067447336481080000000000
      4.65         0.8608247545804040000000000         0.9552737271864650000000000         0.8969491256048280000000000         0.9664290320426330000000000             0.41373        -0.0819658172290745000000000         0.0966416388872013000000000
      4.70         0.8564478371516150000000000         0.9598551804333610000000000         0.8937401362130720000000000         0.9698684903843900000000000             0.40881        -0.0931085533029997000000000         0.0866326231677286000000000
      4.75         0.8515140288283500000000000         0.9639383356731270000000000         0.8901175602121070000000000         0.9729375873307550000000000             0.40365        -0.1042428541181060000000000         0.0767079766502824000000000
      4.80         0.8460235359242510000000000         0.9675271780343400000000000         0.8860815822015280000000000         0.9756393168065610000000000             0.39826        -0.1153771591923710000000000         0.0668584487724013000000000
      4.85         0.8399761713484520000000000         0.9706252418389050000000000         0.8816320903164830000000000         0.9779763361970370000000000             0.39264        -0.1265187417009240000000000         0.0570752588443440000000000
      4.90         0.8333714168309560000000000         0.9732356344530030000000000         0.8767687218322580000000000         0.9799509840050320000000000             0.38679        -0.1376735448817150000000000         0.0473501112813829000000000
      4.95         0.8262084945174560000000000         0.9753610610438150000000000         0.8714909155449880000000000         0.9815652981585620000000000             0.38071        -0.1488459693137870000000000         0.0376752168092917000000000
      5.00         0.8184864506444670000000000         0.9770038505741570000000000         0.8657979729025050000000000         0.9828210352104060000000000             0.37439        -0.1600386004915860000000000         0.0280433209890982000000000
      5.05         0.8102042546001650000000000         0.9781659834355340000000000         0.8596891302907400000000000         0.9837196907220040000000000             0.36783        -0.1712518633899290000000000         0.0184477414541890000000000
      5.10         0.8013609174238320000000000         0.9788491211915100000000000         0.8531636454235910000000000         0.9842625211766900000000000             0.36103        -0.1824835873011090000000000         0.0088824153259206500000000
      5.15         0.7919556347355800000000000         0.9790546389787220000000000         0.8462209014655070000000000         0.9844505678230000000000000             0.35400        -0.1937284599543370000000000        -0.0006580416403308140000000
      5.20         0.7819879602661990000000000         0.9787836611925580000000000         0.8388605333712260000000000         0.9842846829076360000000000             0.34672        -0.2049773445869920000000000        -0.0101782625453966000000000
      5.25         0.7714580176340760000000000         0.9780371011676720000000000         0.8310825819993600000000000         0.9837655588192720000000000             0.33920        -0.2162164269753270000000000        -0.0196820417861245000000000
      5.30         0.7603667598653320000000000         0.9768157056479960000000000         0.8228876828991900000000000         0.9828937607271190000000000             0.33144        -0.2274261511604900000000000        -0.0291722307657845000000000
      5.35         0.7487162884629130000000000         0.9751201049224740000000000         0.8142772983474320000000000         0.9816697633591990000000000             0.32344        -0.2385798924109550000000000        -0.0386506153120824000000000
      5.40         0.7365102467041760000000000         0.9729508695745160000000000         0.8052540032998930000000000         0.9800939926196330000000000             0.31521        -0.2496423035421380000000000        -0.0481177735307634000000000
      5.45         0.7237543054018690000000000         0.9703085748440560000000000         0.7958218385081840000000000         0.9781668727841550000000000             0.30674        -0.2605672558492770000000000        -0.0575729133818896000000000
      5.50         0.7104567637237410000000000         0.9671938736147990000000000         0.7859867472255770000000000         0.9758888800267220000000000             0.29804        -0.2712952786081090000000000        -0.0670136902210431000000000
      5.55         0.6966292929433940000000000         0.9636075789917060000000000         0.7757571157738070000000000         0.9732606030004890000000000             0.28913        -0.2817503818572360000000000        -0.0764360060709711000000000
      5.60         0.6822878572552990000000000         0.9595507572913280000000000         0.7651444428183100000000000         0.9702828110991980000000000             0.28000        -0.2918361274548390000000000        -0.0858337947055650000000000
      5.65         0.6674538529827650000000000         0.9550248319836320000000000         0.7541641674797610000000000         0.9669565308267360000000000             0.27069        -0.3014307964342530000000000        -0.0951988000215931000000000
      5.70         0.6521555153587100000000000         0.9500316986364130000000000         0.7428366922100060000000000         0.9632831303583520000000000             0.26120        -0.3103814928462320000000000        -0.1045203599850200000000000
      5.75         0.6364296498427890000000000         0.9445738501418590000000000         0.7311886421872400000000000         0.9592644118285750000000000             0.25156        -0.3184970373246780000000000        -0.1137852150462530000000000
      5.80         0.6203237511406550000000000         0.9386545103503730000000000         0.7192544077898590000000000         0.9549027100559720000000000             0.24180        -0.3255395581619580000000000        -0.1229773686870900000000000
      5.85         0.6038985748416990000000000         0.9322777725841440000000000         0.7070780184868520000000000         0.9502009952290450000000000             0.23198        -0.3312148183268390000000000        -0.1320780389392590000000000
      5.90         0.5872312188019050000000000         0.9254487372316770000000000         0.6947153916598550000000000         0.9451629754408710000000000             0.22213        -0.3351615789700870000000000        -0.1410657532459280000000000
      5.95         0.5704187455374870000000000         0.9181736396297360000000000         0.6822369824206200000000000         0.9397931927925880000000000             0.21234        -0.3369407769150460000000000        -0.1499166542670300000000000
      6.00         0.5535823194765440000000000         0.9104599556735690000000000         0.6697308208162060000000000         0.9340971040456160000000000             0.20268        -0.3360261000129590000000000        -0.1586050994594440000000000
      6.05         0.5368717241457400000000000         0.9023164681345070000000000         0.6573058467187590000000000         0.9280811335332940000000000             0.19327        -0.3317988134382130000000000        -0.1671046491820330000000000
      6.10         0.5204699382848420000000000         0.8937532718004240000000000         0.6450953212727770000000000         0.9217526824419080000000000             0.18422        -0.3235515214949130000000000        -0.1753895411373590000000000
      6.15         0.5045971589902140000000000         0.8847816909259980000000000         0.6332598863623440000000000         0.9151200750819200000000000             0.17570        -0.3105078733072080000000000        -0.1834367349584820000000000
      6.20         0.4895132498628560000000000         0.8754140791972220000000000         0.6219895475990340000000000         0.9081924201779590000000000             0.16789        -0.2918675270054960000000000        -0.1912285690620500000000000
      6.25         0.4755170932797920000000000         0.8656634721483670000000000         0.6115034894846970000000000         0.9009793647094990000000000             0.16101        -0.2668866145792130000000000        -0.1987559912103840000000000
      6.30         0.4629408664332850000000000         0.8555430668903200000000000         0.6020462793286690000000000         0.8934907210160380000000000             0.15530        -0.2350009240737360000000000        -0.2060221967641110000000000
      6.35         0.4521371239811440000000000         0.8450655164402150000000000         0.5938788766865570000000000         0.8857359564781120000000000             0.15101        -0.1959885656852880000000000        -0.2130463374909290000000000
      6.40         0.4434571963623720000000000         0.8342420475737040000000000         0.5872632559325140000000000         0.8777235504418890000000000             0.14840        -0.1501487535566450000000000        -0.2198667728307100000000000
      6.45         0.4372212336443970000000000         0.8230814417612790000000000         0.5824407040407720000000000         0.8694602452211430000000000             0.14771        -0.0984470191336907000000000        -0.2265431768262460000000000
      6.50         0.4336832486784770000000000         0.8115889549359690000000000         0.5796060307966270000000000         0.8609502446986120000000000             0.14913        -0.0425585242208400000000000        -0.2331567640957390000000000
      6.55         0.4329978290093530000000000         0.7997652861611810000000000         0.5788824271684640000000000         0.8521944400346320000000000             0.15279         0.0152484297345389000000000        -0.2398080323842420000000000
      6.60         0.4351969484079470000000000         0.7876057275606800000000000         0.5803032053433680000000000         0.8431897598257200000000000             0.15871         0.0723948762724023000000000        -0.2466117640963190000000000
      6.65         0.4401837601553030000000000         0.7750996287896160000000000         0.5838057811623300000000000         0.8339287445624310000000000             0.16684         0.1263711317816130000000000        -0.2536895213901780000000000
      6.70         0.4477453599003990000000000         0.7622302849500760000000000         0.5892398165246720000000000         0.8243994289584860000000000             0.17704         0.1750950008143060000000000        -0.2611603613664710000000000
      6.75         0.4575805509576840000000000         0.7489753114120830000000000         0.5963869793061790000000000         0.8145855831919180000000000             0.18909         0.2171403137040020000000000        -0.2691308257359190000000000
      6.80         0.4693347320220650000000000         0.7353075135025800000000000         0.6049866338496400000000000         0.8044673231318670000000000             0.20275         0.2517926920932510000000000        -0.2776853263509590000000000
      6.85         0.4826337430129190000000000         0.7211962068101010000000000         0.6147612961409610000000000         0.7940220601391780000000000             0.21775         0.2789612527647010000000000        -0.2868778571305560000000000
      6.90         0.4971110721294140000000000         0.7066089061797530000000000         0.6254374500248090000000000         0.7832257316548550000000000             0.23382         0.2990131106681550000000000        -0.2967255865582860000000000
      6.95         0.5124262524611260000000000         0.6915132852709480000000000         0.6367598705448050000000000         0.7720542400240770000000000             0.25073         0.3125953550838690000000000        -0.3072044175397140000000000
      7.00         0.5282749489754020000000000         0.6758793160841820000000000         0.6484996740954070000000000         0.7604850308603000000000000             0.26826         0.3204850382368580000000000        -0.3182461326229930000000000
      7.05         0.5443926001449010000000000         0.6596815272765690000000000         0.6604574229555070000000000         0.7484987626285780000000000             0.28621         0.3234821237315410000000000        -0.3297363461013540000000000
      7.10         0.5605537624455960000000000         0.6429013664706220000000000         0.6724628858149870000000000         0.7360810525467080000000000             0.30442         0.3223435006411220000000000        -0.3415122067171390000000000
      7.15         0.5765689947532790000000000         0.6255297087904030000000000         0.6843728525124000000000000         0.7232243257042860000000000             0.32276         0.3177488410525200000000000        -0.3533586451912000000000000
      7.20         0.5922806137257260000000000         0.6075696155984110000000000         0.6960680297628490000000000         0.7099298399890430000000000             0.34110         0.3102879997322600000000000        -0.3650019164289080000000000
      7.25         0.6075581743956660000000000         0.5890395094838960000000000         0.7074496840277150000000000         0.6962100056105320000000000             0.35934         0.3004614325666990000000000        -0.3760992122008990000000000
      7.30         0.6222941658319210000000000         0.5699769909500600000000000         0.7184364179018460000000000         0.6820911624304250000000000             0.37739         0.2886875872201250000000000        -0.3862232030369000000000000
      7.35         0.6364001660874140000000000         0.5504435752362510000000000         0.7289612758483630000000000         0.6676170183564530000000000             0.39515         0.2753134009710970000000000        -0.3948405570612460000000000
      7.40         0.6498035497853030000000000         0.5305306654770850000000000         0.7389692571082970000000000         0.6528529817909820000000000             0.41254         0.2606256378332840000000000        -0.4012839432771230000000000
      7.45         0.6624447563947940000000000         0.5103670794388770000000000         0.7484152463651950000000000         0.6378916258907190000000000             0.42947         0.2448618399461280000000000        -0.4047181157203400000000000
      7.50         0.6742750828786010000000000         0.4901283648787210000000000         0.7572623374830780000000000         0.6228594700861510000000000             0.44583         0.2282202852087000000000000        -0.4041030548534640000000000
      7.55         0.6852549429892010000000000         0.4700478835604050000000000         0.7654805085356220000000000         0.6079250923521890000000000             0.46152         0.2108686639544800000000000        -0.3981618872953490000000000
      7.60         0.6953525249352750000000000         0.4504290630400110000000000         0.7730455980231320000000000         0.5933081856883060000000000             0.47639         0.1929513152296880000000000        -0.3853698400576670000000000
      7.65         0.7045427718690240000000000         0.4316570878552240000000000         0.7799385267111240000000000         0.5792883842914890000000000             0.49029         0.1745948791754720000000000        -0.3639938740365260000000000
      7.70         0.7128066019900630000000000         0.4142064076430960000000000         0.7861447039040640000000000         0.5662113395864020000000000             0.50304         0.1559122041942930000000000        -0.3322292016027400000000000
      7.75         0.7201302776110400000000000         0.3986378146256140000000000         0.7916535512744900000000000         0.5544876150012500000000000             0.51441         0.1370043906884300000000000        -0.2884889779873420000000000
      7.80         0.7265048310968970000000000         0.3855763475897470000000000         0.7964580755052620000000000         0.5445780416399370000000000             0.52417         0.1179610681033640000000000        -0.2318828688078140000000000
      7.85         0.7319254708972930000000000         0.3756613291310330000000000         0.8005544306740380000000000         0.5369588968277660000000000             0.53207         0.0988594585810825000000000        -0.1628334367553120000000000
      7.90         0.7363909333804260000000000         0.3694662290297940000000000         0.8039414406645230000000000         0.5320644106915090000000000             0.53791         0.0797633714892246000000000        -0.0836168520334075000000000
      7.95         0.7399028136245710000000000         0.3674008270519740000000000         0.8066201007836520000000000         0.5302145305441540000000000             0.54151         0.0607235930227932000000000         0.0015326060144959600000000
      8.00         0.7424649733107340000000000         0.3696256932051500000000000         0.8085931278340230000000000         0.5315491497971750000000000             0.54282         0.0417806461799262000000000         0.0870429698113966000000000
      8.05         0.7440831409425120000000000         0.3760146173880170000000000         0.8098646456426600000000000         0.5359956347247550000000000             0.54187         0.0229695315510846000000000         0.1672418239472090000000000
      8.10         0.7447647632086120000000000         0.3861831153029840000000000         0.8104400562589060000000000         0.5432851741956580000000000             0.53880         0.0043246863667580900000000         0.2376497816803420000000000
      8.15         0.7445190669428610000000000         0.3995696475259260000000000         0.8103260740120450000000000         0.5530103046183550000000000             0.53382        -0.0141168039576422000000000         0.2957209606578040000000000
      8.20         0.7433572175342580000000000         0.4155348448584350000000000         0.8095308407285020000000000         0.5646985964660310000000000             0.52718        -0.0323145652367949000000000         0.3408336406331620000000000
      8.25         0.7412924559576740000000000         0.4334461521858810000000000         0.8080640323204510000000000         0.5778774014096860000000000             0.51913        -0.0502262457578120000000000         0.3737780722877200000000000
      8.30         0.7383401487998120000000000         0.4527323464659650000000000         0.8059369031625600000000000         0.5921167108113250000000000             0.50988        -0.0678094709976624000000000         0.3961190194217060000000000
      8.35         0.7345177488422500000000000         0.4729086297242810000000000         0.8031622623301110000000000         0.6070497143234970000000000             0.49964        -0.0850233322917807000000000         0.4096809063548780000000000
      8.40         0.7298447050928600000000000         0.4935808431114770000000000         0.7997544086181950000000000         0.6223771271085270000000000             0.48857        -0.1018288814040810000000000         0.4162282306020150000000000
      8.45         0.7243423743034970000000000         0.5144380585842720000000000         0.7957290628595130000000000         0.6378622681422240000000000             0.47680        -0.1181885976835840000000000         0.4173113061896370000000000
      8.50         0.7180339805335150000000000         0.5352403641245740000000000         0.7911033329046050000000000         0.6533221689365210000000000             0.46444        -0.1340650408799760000000000         0.4142188059322790000000000
      8.55         0.7109446569164750000000000         0.5558058624309660000000000         0.7858957375898450000000000         0.6686178852775820000000000             0.45159        -0.1494189487030120000000000         0.4079870033400000000000000
      8.60         0.7031015919660220000000000         0.5759988328447110000000000         0.7801263070390660000000000         0.6836455821330750000000000             0.43830        -0.1642069839278480000000000         0.3994331044883620000000000
      8.65         0.6945342945194530000000000         0.5957197637762720000000000         0.7738167702295180000000000         0.6983289842363430000000000             0.42465        -0.1783792554150320000000000         0.3891947472877990000000000
      8.70         0.6852749870245260000000000         0.6148973239263100000000000         0.7669908372314030000000000         0.7126132748287110000000000             0.41068        -0.1918766675140360000000000         0.3777672176687450000000000
      8.75         0.6753591354328050000000000         0.6334820635275610000000000         0.7596745822832830000000000         0.7264602995346450000000000             0.39644        -0.2046281048993220000000000         0.3655351934299830000000000
      8.80         0.6648261243022270000000000         0.6514415502912840000000000         0.7518969340280860000000000         0.7398448583341990000000000             0.38197        -0.2165474358194680000000000         0.3527984192376560000000000
      8.85         0.6537200867081100000000000         0.6687566468954890000000000         0.7436902799649700000000000         0.7527518660226390000000000             0.36731        -0.2275303143194920000000000         0.3397918258823700000000000
      8.90         0.6420908991473550000000000         0.6854186735708650000000000         0.7350911926770560000000000         0.7651741874505690000000000             0.35250        -0.2374507810910780000000000         0.3267009688159340000000000
      8.95         0.6299953506551140000000000         0.7014272444719490000000000         0.7261412848391680000000000         0.7771109872688280000000000             0.33759        -0.2461577064032720000000000         0.3136736823995360000000000
      9.00         0.6174984914384710000000000         0.7167886088446000000000000         0.7168881973813970000000000         0.7885664657455660000000000             0.32260        -0.2534711942625470000000000         0.3008287354713190000000000
      9.05         0.6046751576061830000000000         0.7315143636952510000000000         0.7073867191429340000000000         0.7995488792685320000000000             0.30761        -0.2591791858531440000000000         0.2882621298479240000000000
      9.10         0.5916116525201830000000000         0.7456204333051810000000000         0.6977000250814730000000000         0.8100697659144360000000000             0.29267        -0.2630346771104150000000000         0.2760515492337150000000000
      9.15         0.5784075386243500000000000         0.7591262334755270000000000         0.6879010012218470000000000         0.8201433136137740000000000             0.27783        -0.2647542155051110000000000         0.2642593575517760000000000
      9.20         0.5651774523536320000000000         0.7720539562348660000000000         0.6780735951268680000000000         0.8297858219901620000000000             0.26318        -0.2640186748396000000000000         0.2529344662379320000000000
      9.25         0.5520527948096940000000000         0.7844279252985950000000000         0.6683140876933970000000000         0.8390152199616280000000000             0.24881        -0.2604777158701420000000000         0.2421133373130740000000000
      9.30         0.5391830695420590000000000         0.7962739850630770000000000         0.6587321232850220000000000         0.8478506105850980000000000             0.23481        -0.2537597758026540000000000         0.2318203583200900000000000
      9.35         0.5267365373888250000000000         0.8076188972995530000000000         0.6494512611908770000000000         0.8563118231340150000000000             0.22130        -0.2434897676673650000000000         0.2220678103952560000000000
      9.40         0.5148997471470750000000000         0.8184897306074870000000000         0.6406087288828980000000000         0.8644189605122550000000000             0.20840        -0.2293166751686330000000000         0.2128556448895330000000000
      9.45         0.5038754052091480000000000         0.8289132383575890000000000         0.6323539839979440000000000         0.8721919380484610000000000             0.19626        -0.2109525322114620000000000         0.2041712796302950000000000
      9.50         0.4938780133881260000000000         0.8389152311920540000000000         0.6248456600231460000000000         0.8796500174297790000000000             0.18502        -0.1882224317249890000000000         0.1959896157658730000000000
      9.55         0.4851267987455910000000000         0.8485199596942830000000000         0.6182465286633880000000000         0.8868113467060500000000000             0.17484        -0.1611218862631960000000000         0.1882734536339930000000000
      9.60         0.4778357548328010000000000         0.8577495308437310000000000         0.6127163142755710000000000         0.8936925233869910000000000             0.16587        -0.1298732413039880000000000         0.1809744463179910000000000
      9.65         0.4722011510283860000000000         0.8666233873953970000000000         0.6084025770218670000000000         0.9003082019784150000000000             0.15825        -0.0949680875318276000000000         0.1740346699750570000000000
      9.70         0.4683875979087660000000000         0.8751578813833820000000000         0.6054304147528390000000000         0.9066707691249340000000000             0.15210        -0.0571800754801126000000000         0.1673888115282580000000000
      9.75         0.4665144993545430000000000         0.8833659707208750000000000         0.6038922941345430000000000         0.9127901082128150000000000             0.14750        -0.0175350413705662000000000         0.1609668827377580000000000
      9.80         0.4666451760154030000000000         0.8912570609811550000000000         0.6038396919110170000000000         0.9186734705145690000000000             0.14450         0.0227655787687943000000000         0.1546972773520930000000000
      9.85         0.4687808118417250000000000         0.8988370033056750000000000         0.6052781794618020000000000         0.9243254619612790000000000             0.14312         0.0624583081722291000000000         0.1485099136767130000000000
      9.90         0.4728605485601680000000000         0.9061082454199560000000000         0.6081670179195450000000000         0.9297481443899750000000000             0.14329         0.1003455418167080000000000         0.1423391693027610000000000
      9.95         0.4787677442342330000000000         0.9130701182929640000000000         0.6124233802234040000000000         0.9349412393200850000000000             0.14495         0.1354097037540330000000000         0.1361263324850060000000000
     10.00         0.4863410894543260000000000         0.9197192287835260000000000         0.6179303164556470000000000         0.9399024129955000000000000             0.14798         0.1668905122375330000000000         0.1298213655570720000000000
